  -9.3500001821666956e-04   1.0577399283647537e-02   7.4740597046911716e-03
  -1.3062420766800642e-03   1.0503896512091160e-02   7.2890939190983772e-03
  -1.9386739004403353e-03   1.0580338537693024e-02   6.9349915720522404e-03
  -2.7042475994676352e-03   1.1292581446468830e-02   6.5782852470874786e-03
  -3.6293652374297380e-03   1.2675757519900799e-02   6.2814215198159218e-03
  -3.9393650367856026e-03   1.4022432267665863e-02   6.1175078153610229e-03
  -3.8962119724601507e-03   1.4524681493639946e-02   6.0808085836470127e-03
  -4.2199012823402882e-03   1.3743264600634575e-02   6.0912002809345722e-03
  -4.2491643689572811e-03   1.1984393000602722e-02   6.0937106609344482e-03
  -3.5013076849281788e-03   1.0249949060380459e-02   6.0389400459825993e-03
  -2.6251806411892176e-03   9.0967426076531410e-03   5.9838779270648956e-03
  -2.0447566639631987e-03   8.1107420846819878e-03   6.0030920431017876e-03
  -1.8997158622369170e-03   6.5342490561306477e-03   6.0511543415486813e-03
  -2.2993111051619053e-03   4.3370462954044342e-03   6.1173369176685810e-03
  -3.3713600132614374e-03   2.4727783165872097e-03   6.1776791699230671e-03
  -4.9132993444800377e-03   1.8276103073731065e-03   6.2574460171163082e-03
  -6.1986427754163742e-03   2.6327527593821287e-03   6.3881389796733856e-03
  -6.9447029381990433e-03   4.7086053527891636e-03   6.5407073125243187e-03
  -6.8988231942057610e-03   7.3268744163215160e-03   6.6655734553933144e-03
  -5.6639071553945541e-03   9.6720736473798752e-03   6.7811734043061733e-03
  -3.6132717505097389e-03   1.1272978037595749e-02   6.9158268161118031e-03
  -1.6651756595820189e-03   1.1857822537422180e-02   7.0853130891919136e-03
  -2.4945326731540263e-04   1.1513999663293362e-02   7.3062409646809101e-03
   4.0624671964906156e-04   1.0598435066640377e-02   7.5099123641848564e-03
  -4.4471496948972344e-04   9.2120179906487465e-03   7.6362309046089649e-03
  -2.7880955021828413e-03   7.4708755128085613e-03   7.7002840116620064e-03
  -5.3282813169062138e-03   6.3340286724269390e-03   7.7614141628146172e-03
  -7.4078920297324657e-03   6.4892359077930450e-03   7.8225908800959587e-03
  -9.6331676468253136e-03   7.2930380702018738e-03   7.8418850898742676e-03
  -1.1793918907642365e-02   7.7291806228458881e-03   7.8095979988574982e-03
  -1.2495292350649834e-02   7.5465627014636993e-03   7.7456729486584663e-03
  -1.1926387436687946e-02   7.0580774918198586e-03   7.7387122437357903e-03
  -1.0588351637125015e-02   6.2505444511771202e-03   7.7712992206215858e-03
  -8.9115621522068977e-03   4.8921913839876652e-03   7.8150043264031410e-03
  -7.7554662711918354e-03   3.3492350485175848e-03   7.8194607049226761e-03
  -6.7867795005440712e-03   2.4550042580813169e-03   7.8080776147544384e-03
  -5.5061159655451775e-03   2.4687170516699553e-03   7.7966353856027126e-03
  -4.8229489475488663e-03   2.8469052631407976e-03   7.6775602065026760e-03
  -4.7957543283700943e-03   3.0506413895636797e-03   7.4725756421685219e-03
  -4.1092676110565662e-03   3.2105555292218924e-03   7.2192419320344925e-03
  -2.8092099819332361e-03   3.9758589118719101e-03   7.0325923152267933e-03
  -1.3952131848782301e-03   5.3821820765733719e-03   6.9178575649857521e-03
   2.1084504624013789e-05   6.5686129964888096e-03   6.8190861493349075e-03
   1.4419780345633626e-03   6.6710654646158218e-03   6.6318660974502563e-03
   1.7936441581696272e-03   5.6781694293022156e-03   6.3494904898107052e-03
   4.6048831427469850e-04   4.2877160012722015e-03   6.0813790187239647e-03
  -1.3898367760702968e-03   3.0453703366219997e-03   5.8753150515258312e-03
  -2.7347039431333542e-03   2.0854854956269264e-03   5.7552792131900787e-03
  -3.4028894733637571e-03   1.4681030297651887e-03   5.6834658607840538e-03
  -3.3545664045959711e-03   1.2773429043591022e-03   5.7183308526873589e-03
  -2.3540628608316183e-03   1.4100612606853247e-03   5.8184824883937836e-03
  -1.0793467517942190e-03   1.6180307138711214e-03   5.8918418362736702e-03
  -5.5050756782293320e-04   1.9280519336462021e-03   5.9293559752404690e-03
  -1.2944764457643032e-03   2.6207298506051302e-03   5.9109823778271675e-03
  -2.7943768072873354e-03   3.8305881898850203e-03   5.8750552125275135e-03
  -3.6251074634492397e-03   5.2705933339893818e-03   5.8857649564743042e-03
  -4.2228819802403450e-03   6.4259124919772148e-03   5.9238653630018234e-03
  -5.0494787283241749e-03   6.9817113690078259e-03   5.9226453304290771e-03
  -4.6864142641425133e-03   7.1283024735748768e-03   5.8952500112354755e-03
  -3.3723099622875452e-03   7.0733008906245232e-03   5.8780154213309288e-03
  -2.5781407020986080e-03   6.5609514713287354e-03   5.8925482444465160e-03
  -1.8536658026278019e-03   5.6732315570116043e-03   5.8980295434594154e-03
  -4.9487804062664509e-04   5.0050592981278896e-03   5.8624483644962311e-03
   1.6806588973850012e-04   5.0541292876005173e-03   5.8118309825658798e-03
  -8.8965997565537691e-04   5.7146809995174408e-03   5.7598398998379707e-03
  -2.3740171454846859e-03   6.4513478428125381e-03   5.7145603932440281e-03
  -3.3536667469888926e-03   6.5405555069446564e-03   5.6573804467916489e-03
  -4.6414216049015522e-03   5.4777697660028934e-03   5.6132087484002113e-03
  -6.1909821815788746e-03   3.6095411051064730e-03   5.6084473617374897e-03
  -7.0626582019031048e-03   1.9448411185294390e-03   5.6897029280662537e-03
  -6.9302502088248730e-03   1.0980245424434543e-03   5.8305650018155575e-03
  -6.0169948264956474e-03   1.0748695349320769e-03   5.9556723572313786e-03
  -4.3394765816628933e-03   1.3029281981289387e-03   6.0323080979287624e-03
  -2.5682284031063318e-03   9.3196774832904339e-04   6.0136644169688225e-03
  -1.6732673393562436e-03   1.1392433407308999e-05   5.8938288129866123e-03
  -1.8167579546570778e-03  -6.5042893402278423e-04   5.7257330045104027e-03
  -2.7569646481424570e-03  -4.3529077083803713e-04   5.5709881708025932e-03
  -4.0335315279662609e-03   6.8946729879826307e-04   5.4826107807457447e-03
  -4.2332438752055168e-03   1.9644296262413263e-03   5.4380814544856548e-03
  -3.0490411445498466e-03   2.2798569407314062e-03   5.2823484875261784e-03
  -1.6316132387146354e-03   1.6467348905280232e-03   5.0006317906081676e-03
   1.7815803585108370e-04   1.1882237158715725e-03   4.6854307875037193e-03
   1.8430035561323166e-03   1.9422848708927631e-03   4.3558701872825623e-03
   2.8382600285112858e-03   3.9440221153199673e-03   4.0373806841671467e-03
   3.7926603108644485e-03   6.0695963911712170e-03   3.7295266520231962e-03
   4.6667563728988171e-03   7.2498284280300140e-03   3.4379942808300257e-03
   4.7081955708563328e-03   7.2263740003108978e-03   3.1885311473160982e-03
   3.8818265311419964e-03   6.4485860057175159e-03   2.9598232358694077e-03
   3.0721060466021299e-03   5.4741492494940758e-03   2.7832842897623777e-03
   2.2517009638249874e-03   4.3319249525666237e-03   2.6399635244160891e-03
   6.3005456468090415e-04   2.7379246894270182e-03   2.5433930568397045e-03
  -6.5251137129962444e-04   8.2126865163445473e-04   2.5393243413418531e-03
  -5.8122409973293543e-04  -6.9252791581675410e-04   2.6236204430460930e-03
  -8.5838331142440438e-04  -1.2424853630363941e-03   2.7397952508181334e-03
  -1.7597227124497294e-03  -7.8380916966125369e-04   2.8393196407705545e-03
  -2.2746757604181767e-03   1.7243681941181421e-04   2.9544911812990904e-03
  -2.9327764641493559e-03   9.1064447769895196e-04   3.0271462164819241e-03
  -4.1688703931868076e-03   1.2827840400859714e-03   3.1157352495938540e-03
  -5.0068381242454052e-03   1.6017695888876915e-03   3.2675641123205423e-03
  -5.1499796099960804e-03   2.2273759823292494e-03   3.4454057458788157e-03
  -5.2041918970644474e-03   3.0663351062685251e-03   3.6320856306701899e-03
  -5.0846547819674015e-03   3.5945042036473751e-03   3.8248179480433464e-03
  -4.3994793668389320e-03   3.7440697196871042e-03   4.0407930500805378e-03
  -3.5695624537765980e-03   3.7151034921407700e-03   4.2524579912424088e-03
  -3.1244272831827402e-03   3.6428479943424463e-03   4.4744652695953846e-03
  -2.8157124761492014e-03   3.5045838449150324e-03   4.7349375672638416e-03
  -2.1792154293507338e-03   2.8268736787140369e-03   5.0008180551230907e-03
  -1.1020753299817443e-03   1.1320017511025071e-03   5.2556325681507587e-03
  -2.8172516613267362e-04  -1.2107945512980223e-03   5.4904422722756863e-03
  -5.3397403098642826e-04  -3.1636557541787624e-03   5.7483175769448280e-03
  -8.5775321349501610e-04  -4.0143872611224651e-03   6.0830796137452126e-03
  -8.5367233259603381e-04  -3.9295791648328304e-03   6.4045875333249569e-03
  -1.0421772021800280e-03  -3.6253773141652346e-03   6.7548076622188091e-03
  -1.7663192702457309e-03  -3.6857486702501774e-03   7.5509021990001202e-03
  -3.0894470401108265e-03  -2.9786743689328432e-03   7.2920909151434898e-03
  -4.5830886811017990e-03  -1.8957949941977859e-03   8.2516018301248550e-03
  -5.0958092324435711e-03   2.2610575251746923e-04   8.8528245687484741e-03
  -5.7869362644851208e-03   2.3904305417090654e-03   9.4312746077775955e-03
  -6.3832933083176613e-03   3.7240751553326845e-03   9.8725687712430954e-03
  -6.1824019066989422e-03   4.1182665154337883e-03   1.0213147848844528e-02
  -6.3147586770355701e-03   4.0309107862412930e-03   1.0464254766702652e-02
  -6.7677753977477551e-03   3.8936615455895662e-03   1.0635830461978912e-02
  -6.3204998150467873e-03   3.9802398532629013e-03   1.0788263753056526e-02
  -6.0988175682723522e-03   4.5610233210027218e-03   1.0896591469645500e-02
  -6.8090739659965038e-03   5.6286719627678394e-03   1.0994717478752136e-02
  -6.9106859154999256e-03   6.5406667999923229e-03   1.1014932766556740e-02
  -6.4976587891578674e-03   6.4141144976019859e-03   1.0883658193051815e-02
  -5.6747617200016975e-03   5.3296480327844620e-03   1.0576189495623112e-02
  -3.9765592664480209e-03   4.5474413782358170e-03   1.0199868120253086e-02
  -2.3634848184883595e-03   4.7512045130133629e-03   9.8779499530792236e-03
  -8.9745677541941404e-04   5.1651913672685623e-03   9.5493616536259651e-03
   5.6173995835706592e-04   4.8873936757445335e-03   9.1111464425921440e-03
   1.1330120032653213e-03   3.9983936585485935e-03   8.5212206467986107e-03
  -8.7072156020440161e-05   3.1957235187292099e-03   7.8685451298952103e-03
  -2.4354201741516590e-03   2.6536367367953062e-03   7.2383256629109383e-03
  -3.7066615186631680e-03   2.3969018366187811e-03   6.6551915369927883e-03
  -4.1440851055085659e-03   2.7804637793451548e-03   6.0580540448427200e-03
  -5.2006016485393047e-03   3.8350324612110853e-03   5.4270168766379356e-03
  -5.1503600552678108e-03   5.1851472817361355e-03   4.8217698931694031e-03
  -4.1880146600306034e-03   6.2084561213850975e-03   4.1575077921152115e-03
  -4.3742642737925053e-03   6.5742540173232555e-03   3.4898254089057446e-03
  -4.2361617088317871e-03   6.3147093169391155e-03   2.8749897610396147e-03
  -3.1416211277246475e-03   5.7224123738706112e-03   2.3190851788967848e-03
  -2.6490660384297371e-03   5.1433686167001724e-03   1.8387126037850976e-03
  -2.9918255750089884e-03   4.4068777933716774e-03   1.4549501938745379e-03
  -3.0382988043129444e-03   3.0721363145858049e-03   1.1575772659853101e-03
  -2.6587478350847960e-03   1.4550607884302735e-03   8.7379664182662964e-04
  -2.2270055487751961e-03   4.8550372594036162e-04   6.3014455372467637e-04
  -1.5803414862602949e-03   6.9767655804753304e-04   4.2359717190265656e-04
  -1.3316744007170200e-03   1.8550561508163810e-03   2.3901104577817023e-04
  -1.7927329754456878e-03   3.1503424979746342e-03   2.5295406885561533e-05
  -2.7871183119714260e-03   3.8531024474650621e-03  -1.6963676898740232e-04
  -4.6814796514809132e-03   3.7833480164408684e-03  -2.5528451078571379e-04
  -6.7350384779274464e-03   3.1391803640872240e-03  -2.6021557277999818e-04
  -7.2103794664144516e-03   2.3393896408379078e-03  -1.9358134886715561e-04
  -6.8177622742950916e-03   1.8777977675199509e-03  -6.1576160078402609e-05
  -6.9652474485337734e-03   1.6956621548160911e-03   7.7116470492910594e-05
  -7.1783331222832203e-03   1.3115199981257319e-03   2.2537812765222043e-04
  -6.8365526385605335e-03   5.4550019558519125e-04   4.1823013452813029e-04
  -6.1335801146924496e-03  -4.5497718383558095e-04   6.5763044403865933e-04
  -5.6118983775377274e-03  -1.5495109837502241e-03   8.6081383051350713e-04
  -4.9008168280124664e-03  -2.4345200508832932e-03   1.0425826767459512e-03
  -4.0447968058288097e-03  -2.9768338426947594e-03   1.2267656857147813e-03
  -4.3259137310087681e-03  -3.4432152751833200e-03   1.3777142157778144e-03
  -4.4948197901248932e-03  -3.9417818188667297e-03   1.5134332934394479e-03
  -3.8030822761356831e-03  -4.1643595322966576e-03   1.6593445325270295e-03
  -3.8292151875793934e-03  -3.4814565442502499e-03   1.8452258082106709e-03
  -3.6327557172626257e-03  -1.7873218748718500e-03   2.0921069663017988e-03
  -2.0422362722456455e-03   2.5005354473250918e-05   2.3950515314936638e-03
  -6.6575407981872559e-04   8.9977553579956293e-04   2.6666945777833462e-03
  -2.4877313990145922e-04   6.9126766175031662e-04   2.9176131356507540e-03
  -3.7790069472976029e-04   1.6183454135898501e-05   3.1147052068263292e-03
  -9.5186330145224929e-04  -2.3351986601483077e-04   3.2898827921599150e-03
  -1.6450757393613458e-03   3.7611328298225999e-04   3.4422383178025484e-03
  -2.7057682164013386e-03   1.7313879216089845e-03   3.7198604550212622e-03
  -3.5831839777529240e-03   2.8813041280955076e-03   3.4601390361785889e-03
  -5.2392105571925640e-03   3.9196955040097237e-03   3.7265617866069078e-03
  -6.8375207483768463e-03   3.9355806075036526e-03   3.8188954349607229e-03
  -7.2835157625377178e-03   3.1682366970926523e-03   3.9738784544169903e-03
  -6.1265183612704277e-03   2.4619658943265676e-03   4.2081885039806366e-03
  -4.6318145468831062e-03   2.6793673168867826e-03   4.4528925791382790e-03
  -3.3147179055958986e-03   3.6353161558508873e-03   4.6415915712714195e-03
  -2.2412287071347237e-03   4.0851524099707603e-03   4.7004539519548416e-03
  -2.3753144778311253e-03   3.0907511245459318e-03   4.6514933928847313e-03
  -3.8120544049888849e-03   8.0361170694231987e-04   4.6410514041781425e-03
  -5.2760671824216843e-03  -1.8474947428330779e-03   4.6840603463351727e-03
  -5.7757636532187462e-03  -3.9827111177146435e-03   4.7854422591626644e-03
  -5.6395209394395351e-03  -5.5293412879109383e-03   4.9879085272550583e-03
  -5.8271442539989948e-03  -6.7019113339483738e-03   5.2697053179144859e-03
  -5.5321217514574528e-03  -7.2963782586157322e-03   5.5716005153954029e-03
  -4.0890332311391830e-03  -7.0323715917766094e-03   5.8151422999799252e-03
  -2.7019949629902840e-03  -5.8840960264205933e-03   5.9990924783051014e-03
  -1.9916051533073187e-03  -3.9533446542918682e-03   6.2167677097022533e-03
  -1.4539804542437196e-03  -1.3787845382466912e-03   6.4414059743285179e-03
  -1.2314632767811418e-03   1.4161516446620226e-03   6.6238893195986748e-03
  -1.2003564042970538e-03   3.5562093835324049e-03   6.7525920458137989e-03
  -7.4318872066214681e-04   4.1285115294158459e-03   6.8589150905609131e-03
  -1.0133165051229298e-04   3.3655089791864157e-03   6.9570965133607388e-03
   1.3364655023906380e-04   2.2810564842075109e-03   7.0275971665978432e-03
   2.0670414960477501e-04   1.3541490770876408e-03   7.0804823189973831e-03
   9.1580563457682729e-04   4.8399335355497897e-04   7.0468951016664505e-03
   1.5383544377982616e-03  -5.7292508427053690e-04   6.9288215599954128e-03
   1.2724117841571569e-03  -1.6633751802146435e-03   6.7965015769004822e-03
   7.4360880535095930e-04  -2.2647937294095755e-03   6.6885184496641159e-03
   5.7566293980926275e-04  -2.0817746408283710e-03   6.6083311103284359e-03
   6.7668809788301587e-04  -1.3361856108531356e-03   6.5168086439371109e-03
   7.4055814184248447e-04  -6.8310589995235205e-04   6.4115794375538826e-03
   8.3016726421192288e-04  -4.9898657016456127e-04   6.2678586691617966e-03
   7.0758105721324682e-04  -6.5445032669231296e-04   6.0741417109966278e-03
  -1.9247111049480736e-04  -7.4047810630872846e-04   5.8378367684781551e-03
  -1.8047953490167856e-03  -6.0047820443287492e-04   5.5777509696781635e-03
  -3.0290668364614248e-03  -6.1185070080682635e-04   5.3300182335078716e-03
  -3.7649807054549456e-03  -9.5633440650999546e-04   5.1155285909771919e-03
  -4.7118798829615116e-03  -1.2538944138213992e-03   5.1611131057143211e-03
  -3.9300820790231228e-03  -7.2236824780702591e-04   4.4841924682259560e-03
  -2.7595593128353357e-03   3.2633970840834081e-04   4.5668352395296097e-03
  -1.7481792019680142e-03   1.2289645383134484e-03   4.4065779075026512e-03
  -1.0513445595279336e-03   1.3094997266307473e-03   4.2673912830650806e-03
   8.8008811871986836e-05   8.5711310384795070e-04   4.1214800439774990e-03
   1.1891664471477270e-03   4.8795182374306023e-04   3.9500189013779163e-03
   2.0196114201098680e-03   5.1890080794692039e-04   3.7713153287768364e-03
   2.6707302313297987e-03   6.1234080931171775e-04   3.5709927324205637e-03
   2.7355141937732697e-03   1.5324272681027651e-04   3.3541163429617882e-03
   2.2601278033107519e-03  -1.1009948793798685e-03   3.0835750512778759e-03
   1.6649255994707346e-03  -2.6469351723790169e-03   2.8061694465577602e-03
   1.2101685861125588e-03  -3.5120102111250162e-03   2.5599966756999493e-03
   6.9480808451771736e-04  -3.3073523081839085e-03   2.3627015762031078e-03
   6.5886072115972638e-04  -2.4249579291790724e-03   2.2360775619745255e-03
   1.1968556791543961e-03  -1.4311756240203977e-03   2.1457683760672808e-03
   1.2697611236944795e-03  -5.5085762869566679e-04   2.0996283274143934e-03
   1.0407479712739587e-03   2.5762841687537730e-04   2.0460453815758228e-03
   1.0079853236675262e-03   1.0145267006009817e-03   1.9655898213386536e-03
   8.0398167483508587e-04   1.7925128340721130e-03   1.8835522932931781e-03
   6.3305196817964315e-05   2.6083164848387241e-03   1.8509627552703023e-03
  -6.5206922590732574e-04   3.1301884446293116e-03   1.9006958464160562e-03
  -7.7414535917341709e-04   2.7920862194150686e-03   1.9983868114650249e-03
  -3.4034272539429367e-04   1.5647242544218898e-03   2.1440680138766766e-03
   2.1072417439427227e-04   1.0166410356760025e-04   2.3419128265231848e-03
   3.4613392199389637e-04  -8.5712305735796690e-04   2.6089970488101244e-03
   1.3039784971624613e-04  -9.5755449729040265e-04   2.9010695870965719e-03
  -3.0151437385939062e-04  -1.5932401583995670e-04   3.1448816880583763e-03
  -5.8833666844293475e-04   1.0268755722790956e-03   3.3204948995262384e-03
  -7.8403746010735631e-04   1.8090163357555866e-03   3.4766725730150938e-03
  -1.2254117755219340e-03   1.9267215393483639e-03   3.6119415890425444e-03
  -1.6845043282955885e-03   1.7379247583448887e-03   3.7485596258193254e-03
  -2.3296475410461426e-03   1.6767381457611918e-03   3.9097047410905361e-03
  -3.3204690553247929e-03   1.6586442943662405e-03   4.0850224904716015e-03
  -3.8068832363933325e-03   1.3932974543422461e-03   4.2849052697420120e-03
  -3.4781883005052805e-03   7.5035757618024945e-04   4.4463663361966610e-03
  -3.1738777179270983e-03   1.6643560229567811e-05   4.5728464610874653e-03
  -1.7369210254400969e-03  -1.2126590445404872e-04   4.6771992929279804e-03
   5.4284167708829045e-04   4.3146283132955432e-04   4.7453120350837708e-03
   1.3745735632255673e-03   8.5276213940232992e-04   4.7795805148780346e-03
   1.3911771820858121e-03   4.0934744174592197e-04   4.7330511733889580e-03
   1.4130218187347054e-03  -5.6944158859550953e-04   4.6547544188797474e-03
   7.5616443064063787e-04  -1.2781574623659253e-03   4.5340382494032383e-03
   2.5917534367181361e-04  -1.0180774843320251e-03   4.4225743040442467e-03
   9.5286348368972540e-04   1.9004057685378939e-04   4.3385266326367855e-03
   1.4631458325311542e-03   1.4640453737229109e-03   4.2086569592356682e-03
   1.1760111665353179e-03   2.1882271394133568e-03   4.0402128361165524e-03
   9.5391372451558709e-04   2.3025816772133112e-03   3.8118839729577303e-03
   6.8918714532628655e-04   2.1171323023736477e-03   3.5848657134920359e-03
  -3.3155776327475905e-04   1.6287348698824644e-03   3.4192509483546019e-03
  -2.0842351950705051e-03   4.6864006435498595e-04   3.3511056099087000e-03
  -3.5800044424831867e-03  -1.3759639114141464e-03   3.3329620491713285e-03
  -4.4185635633766651e-03  -3.3402335830032825e-03   3.3414636272937059e-03
  -5.1366072148084641e-03  -4.8069278709590435e-03   3.3741353545337915e-03
  -5.6508476845920086e-03  -5.5455542169511318e-03   3.4560980275273323e-03
  -5.0509986467659473e-03  -5.7558491826057434e-03   3.5475476179271936e-03
  -4.1136988438665867e-03  -5.9480406343936920e-03   3.6112451925873756e-03
  -4.0125269442796707e-03  -6.3075674697756767e-03   3.6188729573041201e-03
  -3.9536547847092152e-03  -6.3958764076232910e-03   3.5552894696593285e-03
  -3.5318243317306042e-03  -5.6555075570940971e-03   3.4751023631542921e-03
  -3.1672092154622078e-03  -4.0551912970840931e-03   3.4072275739163160e-03
  -2.4417608510702848e-03  -2.2647087462246418e-03   3.5404656082391739e-03
  -2.4201469204854220e-04  -5.0583825213834643e-04   3.1136872712522745e-03
   2.6937692891806364e-03   5.5976229486986995e-04   3.0988166108727455e-03
   5.3633558563888073e-03   1.1739606270566583e-03   2.8495383448898792e-03
   6.9006541743874550e-03   1.6379198059439659e-03   2.5757602415978909e-03
   7.8095784410834312e-03   2.2652137558907270e-03   2.3091232869774103e-03
   8.2165841013193130e-03   3.0290752183645964e-03   2.0228782668709755e-03
   7.6783201657235622e-03   3.7909995298832655e-03   1.7291891854256392e-03
   6.6747153177857399e-03   4.3272138573229313e-03   1.4221837045624852e-03
   6.0637667775154114e-03   4.2994371615350246e-03   1.0901208734139800e-03
   5.6049469858407974e-03   3.4714615903794765e-03   7.9476967221125960e-04
   4.4290162622928619e-03   2.0948273595422506e-03   5.7550292694941163e-04
   3.0427996534854174e-03   9.5530407270416617e-04   4.3975390144623816e-04
   2.2192602045834064e-03   6.0486758593469858e-04   3.7735261139459908e-04
   1.5378583921119571e-03   9.8599062766879797e-04   3.5670620854943991e-04
   7.7233492629602551e-04   1.6670759068801999e-03   3.3652188722044230e-04
   3.7980111665092409e-04   2.1359261590987444e-03   2.7061777655035257e-04
   3.9039546390995383e-04   2.0931297913193703e-03   1.8510826339479536e-04
   4.0058555896393955e-04   1.6558237839490175e-03   1.1647488281596452e-04
   7.4518920155242085e-04   1.2955367565155029e-03   1.0678281250875443e-04
   1.3551851734519005e-03   1.4107046881690621e-03   1.3290694914758205e-04
   1.6223364509642124e-03   1.7733887070789933e-03   1.6837596194818616e-04
   1.7462428659200668e-03   1.8476245459169149e-03   2.1878672123420984e-04
   1.5747162979096174e-03   1.5192144783213735e-03   2.5131367146968842e-04
   1.0092152515426278e-03   1.0814656270667911e-03   2.7966630295850337e-04
   8.3321798592805862e-04   7.9098891001194715e-04   3.3264103694818914e-04
   7.4805883923545480e-04   7.0407299790531397e-04   4.0783584699966013e-04
  -7.2570801421534270e-05   7.3018239345401525e-04   5.0847604870796204e-04
  -7.8766705701127648e-04   6.2039901968091726e-04   6.6824269015341997e-04
  -8.6346542229875922e-04   2.3064322886057198e-04   8.6717336671426892e-04
  -8.1706710625439882e-04  -4.5443334965966642e-04   1.0656696977093816e-03
  -2.7808715822175145e-04  -1.2470246292650700e-03   1.2617465108633041e-03
   8.2889868644997478e-04  -1.9352880772203207e-03   1.4210164081305265e-03
   1.4536810340359807e-03  -2.3751445114612579e-03   1.5423822915181518e-03
   1.6754290554672480e-03  -2.5315687526017427e-03   1.6480140620842576e-03
   2.2205763962119818e-03  -2.4612811394035816e-03   1.7392968293279409e-03
   2.6232083328068256e-03  -2.1516573615372181e-03   1.8296543275937438e-03
   2.5570744182914495e-03  -1.6854836139827967e-03   1.9132983870804310e-03
   2.3899415973573923e-03  -1.1577794793993235e-03   2.0027637947350740e-03
   2.0526817534118891e-03  -5.5150687694549561e-04   2.0883323159068823e-03
   1.4638354768976569e-03   2.5693874340504408e-04   2.1588134113699198e-03
   9.7921537235379219e-04   1.1753265280276537e-03   2.1995059214532375e-03
   7.6900736894458532e-04   1.7813309095799923e-03   2.2141630761325359e-03
   4.8179519944824278e-04   1.9359159050509334e-03   2.2643455304205418e-03
  -3.2954150810837746e-04   1.8198953475803137e-03   2.3688410874456167e-03
  -1.4105048030614853e-03   1.4601573348045349e-03   2.4983268231153488e-03
  -2.3546272423118353e-03   8.1326346844434738e-04   2.6233892422169447e-03
  -3.3000363036990166e-03   1.4492038644675631e-05   2.7141280006617308e-03
  -4.3926057405769825e-03  -6.4949301304295659e-04   2.8110246639698744e-03
  -5.3113619796931744e-03  -9.3599315732717514e-04   2.9176464304327965e-03
  -5.6719528511166573e-03  -7.6924724271520972e-04   3.0054280068725348e-03
  -5.7821217924356461e-03  -4.3884877231903374e-04   3.0991865787655115e-03
  -5.7428525760769844e-03  -2.5269653997384012e-04   3.2259372528642416e-03
  -5.0318147987127304e-03  -2.2375701519194990e-04   3.3541764132678509e-03
  -3.5302594769746065e-03  -1.8261962395627052e-04   3.5143883433192968e-03
  -1.8119778251275420e-03   1.0327075142413378e-04   3.7127521354705095e-03
  -5.7400448713451624e-04   6.6341535421088338e-04   3.8941998500376940e-03
   4.5868748566135764e-04   1.1401823721826077e-03   4.0483996272087097e-03
   1.6441063489764929e-03   9.6388021484017372e-04   4.0906714275479317e-03
   2.7968129143118858e-03   1.3535562902688980e-04   4.0721916593611240e-03
   3.6052071955054998e-03  -5.5805442389100790e-04   4.0729134343564510e-03
   3.9307000115513802e-03  -2.2371340310201049e-04   4.3057319708168507e-03
   3.6284725647419691e-03   1.1076148366555572e-03   3.9700712077319622e-03
   3.8239306304603815e-03   2.7831452898681164e-03   4.2646005749702454e-03
   3.1284107826650143e-03   4.0392400696873665e-03   4.2776889167726040e-03
   3.0626468360424042e-03   5.0538918003439903e-03   4.2630769312381744e-03
   4.4045872054994106e-03   6.0092126950621605e-03   4.2438502423465252e-03
   5.4628471843898296e-03   6.6968994215130806e-03   4.1850996203720570e-03
   5.6368317455053329e-03   7.0148846134543419e-03   4.0964684449136257e-03
   5.9060417115688324e-03   7.0066954940557480e-03   3.9544580504298210e-03
   5.6667854078114033e-03   6.5278317779302597e-03   3.7257424555718899e-03
   4.2051523923873901e-03   5.2922931499779224e-03   3.5189429763704538e-03
   3.1197553034871817e-03   3.4171117004007101e-03   3.3575245179235935e-03
   3.1832603272050619e-03   1.6155721386894584e-03   3.2817763276398182e-03
   2.7371803298592567e-03   2.9207495390437543e-04   3.2759762834757566e-03
   1.8327326979488134e-03  -5.9993023751303554e-04   3.2627668697386980e-03
   1.9151574233546853e-03  -1.0062268702313304e-03   3.2521928660571575e-03
   1.9657078664749861e-03  -6.6927296575158834e-04   3.2271184027194977e-03
   7.7964144293218851e-04   3.9137489511631429e-04   3.2008308917284012e-03
  -1.3452606253849808e-05   1.4640754088759422e-03   3.2135837245732546e-03
   3.0078346026130021e-04   2.1586960647255182e-03   3.2506613060832024e-03
   4.1373260319232941e-04   3.2499737571924925e-03   3.3501987345516682e-03
   1.0606347350403666e-03   5.4188966751098633e-03   3.5548582673072815e-03
   4.0301848202943802e-03   8.4391115233302116e-03   3.8593087811022997e-03
   8.0025121569633484e-03   1.0900968685746193e-02   4.2989770881831646e-03
   9.1552212834358215e-03   1.0526210069656372e-02   4.5500593259930611e-03
   6.5447231754660606e-03   6.7901280708611012e-03   4.2272671125829220e-03
   1.6220883699133992e-03   1.9835499115288258e-03   3.4013707190752029e-03
  -5.1591033115983009e-03  -1.1891301255673170e-03   2.4283491075038910e-03
  -1.0610118508338928e-02  -2.0896114874631166e-03   1.7204345203936100e-03
  -1.2556417845189571e-02  -2.0219185389578342e-03   1.4501130208373070e-03
  -1.2642554007470608e-02  -1.9607327412813902e-03   1.5291717136278749e-03
  -1.0911093093454838e-02  -2.3799419868737459e-03   1.7912654438987374e-03
  -7.3527391068637371e-03  -3.6193507257848978e-03   2.0535911899060011e-03
  -4.0652663446962833e-03  -4.7817951999604702e-03   2.1900166757404804e-03
  -2.5837698485702276e-03  -4.5171175152063370e-03   2.2770285140722990e-03
  -1.9881296902894974e-03  -3.3378063235431910e-03   2.4290997534990311e-03
  -4.2102858424186707e-04  -3.0440269038081169e-03   2.5851591490209103e-03
   2.0992462523281574e-03  -4.0830657817423344e-03   2.7497485280036926e-03
   3.8311276584863663e-03  -4.8636049032211304e-03   2.8969463892281055e-03
   4.5359539799392223e-03  -3.7234160117805004e-03   3.1815171241760254e-03
   4.4472394511103630e-03  -3.0516309197992086e-04   2.9781798366457224e-03
   5.0314487889409065e-03   3.2274085097014904e-03   3.1882205512374640e-03
   4.4860844500362873e-03   5.6216698139905930e-03   3.2720016315579414e-03
   3.4394594840705395e-03   6.4036701805889606e-03   3.3967830240726471e-03
   3.5968592856079340e-03   6.0757077299058437e-03   3.5607840400189161e-03
   6.6358828917145729e-03   4.6374010853469372e-03   3.7524977233260870e-03
   1.1324177496135235e-02   2.2138298954814672e-03   3.9765993133187294e-03
   1.4949912205338478e-02   5.9917048929492012e-05   4.2378609068691730e-03
   1.8014539033174515e-02  -7.3699501808732748e-04   4.5260526239871979e-03
   1.9807845354080200e-02  -2.0158667757641524e-04   4.7803237102925777e-03
   1.8273685127496719e-02   1.1311982525512576e-03   4.8701032064855099e-03
   1.4843402430415154e-02   2.5973322335630655e-03   4.8799579963088036e-03
   1.2229351326823235e-02   3.6100319121032953e-03   4.8241266049444675e-03
   1.0334920138120651e-02   4.0156529285013676e-03   4.7306297346949577e-03
   7.9506104812026024e-03   4.3094414286315441e-03   4.7359471209347248e-03
   5.9759900905191898e-03   5.6679300032556057e-03   4.8534548841416836e-03
   5.5936160497367382e-03   8.6221713572740555e-03   5.0314143300056458e-03
   6.1347181908786297e-03   1.1644169688224792e-02   5.1363771781325340e-03
   5.7355356402695179e-03   1.2549262493848801e-02   5.2205934189260006e-03
   4.5598438009619713e-03   1.0287045501172543e-02   5.2136448211967945e-03
   3.4681735560297966e-03   5.9409262612462044e-03   5.1811351440846920e-03
   2.1769234444946051e-03   1.7487987643107772e-03   5.2302256226539612e-03
   6.2944402452558279e-04  -2.0936493820045143e-04   5.3734667599201202e-03
  -6.3914357451722026e-04   2.8677975933533162e-05   5.5925166234374046e-03
  -4.7848702524788678e-04   5.9127494751010090e-05   5.7951156049966812e-03
  -6.6061690449714661e-04  -1.6498033655807376e-03   5.9312097728252411e-03
  -3.0390648171305656e-03  -4.3013463728129864e-03   6.0078310780227184e-03
  -5.1656207069754601e-03  -6.0587301850318909e-03   5.9797232970595360e-03
  -6.2024905346333981e-03  -5.4055294021964073e-03   5.9493803419172764e-03
  -7.7566877007484436e-03  -2.7536766137927771e-03   5.8922688476741314e-03
  -9.0158544480800629e-03  -3.8654755917377770e-04   5.7329796254634857e-03
  -8.4120668470859528e-03  -1.1279004684183747e-04   5.5926465429365635e-03
  -7.0318053476512432e-03  -1.5912953531369567e-03   5.4359422065317631e-03
  -6.5037757158279419e-03  -3.0601681210100651e-03   5.3391652181744576e-03
  -5.9681027196347713e-03  -3.2740542665123940e-03   5.2912519313395023e-03
  -4.8521435819566250e-03  -2.9306390788406134e-03   5.2018305286765099e-03
  -3.7937050219625235e-03  -3.3150976523756981e-03   5.0099962390959263e-03
  -3.3737816847860813e-03  -3.7573755253106356e-03   4.7239488922059536e-03
  -3.8257874548435211e-03  -2.3318284656852484e-03   4.3676896020770073e-03
  -4.6726819127798080e-03   2.0067070145159960e-03   3.9433026686310768e-03
  -5.2350778132677078e-03   8.4775611758232117e-03   3.4753405489027500e-03
  -4.6752602793276310e-03   1.4913033694028854e-02   2.9099006205797195e-03
  -4.1367663070559502e-03   1.9366156309843063e-02   2.2776483092457056e-03
  -4.1200798004865646e-03   2.0711615681648254e-02   1.6508806729689240e-03
  -3.6581193562597036e-03   1.8669279292225838e-02   1.0871924459934235e-03
  -4.5854933559894562e-03   1.3929019682109356e-02   6.1327836010605097e-04
  -6.9129802286624908e-03   7.7824229374527931e-03   2.4393593776039779e-04
  -7.3080435395240784e-03   2.1331775933504105e-03   3.8119051168905571e-05
  -5.7879472151398659e-03  -1.6783473547548056e-03  -6.4492916862946004e-05
  -5.4910117760300636e-03  -3.4648857545107603e-03  -1.3405633217189461e-04
  -5.7720276527106762e-03  -4.3043242767453194e-03  -2.3426125699188560e-04
  -4.7783018089830875e-03  -5.4984544403851032e-03  -3.7788870395161211e-04
  -3.8619374390691519e-03  -7.2378623299300671e-03  -6.1489205108955503e-04
  -4.4760801829397678e-03  -8.3288121968507767e-03  -9.0888049453496933e-04
  -4.5917201787233353e-03  -7.7618425711989403e-03  -1.1377200717106462e-03
  -4.3372861109673977e-03  -6.0118762776255608e-03  -1.2779176468029618e-03
  -5.5370316840708256e-03  -4.2351419106125832e-03  -1.3403276680037379e-03
  -5.9735667891800404e-03  -3.1021549366414547e-03  -1.3306385371834040e-03
  -4.8647462390363216e-03  -2.3420925717800856e-03  -1.3075113529339433e-03
  -4.1125323623418808e-03  -1.1329052504152060e-03  -1.2244445970281959e-03
  -4.3899370357394218e-03   9.2725036665797234e-04  -1.0706315515562892e-03
  -4.6790684573352337e-03   3.4090164117515087e-03  -9.2225312255322933e-04
  -5.0152428448200226e-03   5.4247225634753704e-03  -8.0171209992840886e-04
  -5.5150394327938557e-03   6.4266477711498737e-03  -5.8693741448223591e-04
  -4.6752905473113060e-03   6.4362026751041412e-03  -2.0303842029534280e-04
  -2.0202309824526310e-03   5.8242520317435265e-03   2.7238574693910778e-04
   1.7970923800021410e-03   4.4108359143137932e-03   7.5543479761108756e-04
   4.7458619810640812e-03   2.0298545714467764e-03   1.1566742323338985e-03
   5.6793410331010818e-03  -4.7575411736033857e-04   1.5176505548879504e-03
   6.1593451537191868e-03  -1.9198647933080792e-03   1.8447760958224535e-03
   6.2007196247577667e-03  -1.9178912043571472e-03   2.1135020069777966e-03
   5.8219297789037228e-03  -1.2072764802724123e-03   2.4034888483583927e-03
   5.4343133233487606e-03  -6.9681700551882386e-04   2.7376252692192793e-03
   4.7167516313493252e-03  -5.5104761850088835e-04   3.0887133907526731e-03
   4.3312795460224152e-03  -2.9101004474796355e-04   3.4239380620419979e-03
   4.2710527777671814e-03   5.8674754109233618e-04   3.7897371221333742e-03
   3.0934079550206661e-03   2.0619516726583242e-03   4.1802385821938515e-03
   9.1548683121800423e-04   3.3935145474970341e-03   4.5608631335198879e-03
  -8.6947210365906358e-04   3.9218044839799404e-03   5.0065885297954082e-03
  -2.8101915959268808e-03   3.7180774379521608e-03   5.4416684433817863e-03
  -4.7978428192436695e-03   3.2891321461647749e-03   5.8215106837451458e-03
  -5.3980564698576927e-03   2.7846465818583965e-03   6.2026013620197773e-03
  -5.2938107401132584e-03   2.0467250142246485e-03   6.5090428106486797e-03
  -5.5729872547090054e-03   1.0924894595518708e-03   6.7653818987309933e-03
  -5.9931576251983643e-03   5.5434080422855914e-05   7.0379464887082577e-03
  -6.5080435015261173e-03  -7.8440888319164515e-04   7.3171085678040981e-03
  -6.8995780311524868e-03  -1.2530413223430514e-03   7.5971744954586029e-03
  -6.7307567223906517e-03  -1.4578422997146845e-03   7.8632310032844543e-03
  -5.9905075468122959e-03  -1.8834049114957452e-03   8.0257682129740715e-03
  -5.0307055935263634e-03  -2.7450011111795902e-03   8.1343492493033409e-03
  -4.8913420177996159e-03  -3.7217007484287024e-03   8.2452045753598213e-03
  -5.6220400147140026e-03  -4.1603832505643368e-03   8.3191581070423126e-03
  -5.5553666315972805e-03  -3.3757647033780813e-03   8.4483660757541656e-03
  -4.7010863199830055e-03  -1.5800314722582698e-03   8.6436728015542030e-03
  -4.3113501742482185e-03   2.7904652597499080e-05   8.8186636567115784e-03
  -3.4478637389838696e-03   6.4525956986472011e-04   8.9809820055961609e-03
  -1.6335920663550496e-03   6.5236148657277226e-04   8.9939665049314499e-03
  -1.6549903375562280e-04   1.2088855728507042e-03   8.9064044877886772e-03
   1.1777289910241961e-03   3.0773724429309368e-03   8.8015459477901459e-03
   2.7182761114090681e-03   5.6030103005468845e-03   8.6544835940003395e-03
   3.5494791809469461e-03   7.3499600403010845e-03   8.5261836647987366e-03
   3.6288402043282986e-03   7.4227522127330303e-03   8.4203854203224182e-03
   4.0440075099468231e-03   5.9224348515272141e-03   8.2356138154864311e-03
   3.8831557612866163e-03   3.8467554841190577e-03   7.9863006249070168e-03
   2.8004017658531666e-03   2.2531482391059399e-03   7.6496233232319355e-03
   2.2774483077228069e-03   1.4814358437433839e-03   7.2430688887834549e-03
   1.6863251803442836e-03   8.2426425069570541e-04   6.8071209825575352e-03
   1.9165464618708938e-04  -5.5284611880779266e-04   6.3174376264214516e-03
  -1.0380594758316875e-03  -2.4076167028397322e-03   5.9092920273542404e-03
  -1.5270997537299991e-03  -3.7565347738564014e-03   5.5483933538198471e-03
  -1.8711416050791740e-03  -3.6855542566627264e-03   5.2153938449919224e-03
  -1.7538060201331973e-03  -2.1497784182429314e-03   4.9217646010220051e-03
  -1.5799913089722395e-03  -1.0035788000095636e-04   4.5929709449410439e-03
  -2.1493285894393921e-03   1.4854136388748884e-03   4.1439323686063290e-03
  -2.9775933362543583e-03   2.1452510263770819e-03   3.5460109356790781e-03
  -3.1452686525881290e-03   1.9030666444450617e-03   2.9086475260555744e-03
  -2.6758895255625248e-03   1.1954528745263815e-03   2.3300892207771540e-03
  -2.2456457372754812e-03   6.9393857847899199e-04   1.9024444045498967e-03
  -1.3667835155501962e-03   9.3510228907689452e-04   1.6104411333799362e-03
   5.6059172493405640e-05   1.7794020241126418e-03   1.3146774144843221e-03
  -6.8927263782825321e-05   2.6626377366483212e-03   1.0143596446141601e-03
  -2.3386147804558277e-03   2.8405485209077597e-03   6.8257487146183848e-04
  -4.4764596968889236e-03   2.0666841883212328e-03   3.3008857280947268e-04
  -5.3395088762044907e-03   9.0694485697895288e-04   1.7907474102685228e-05
  -6.2060989439487457e-03   2.7091111405752599e-04  -2.1347268193494529e-04
  -7.2310855612158775e-03   6.3462118851020932e-04  -3.5135686630383134e-04
  -6.8747666664421558e-03   1.5465389005839825e-03  -4.4750660890713334e-04
  -5.9036849997937679e-03   2.1867081522941589e-03  -5.7352479780092835e-04
  -5.8727222494781017e-03   2.0054976921528578e-03  -7.7325501479208469e-04
  -6.1869961209595203e-03   1.0693132644519210e-03  -9.4970659120008349e-04
  -5.8488752692937851e-03   7.8246994235087186e-05  -1.0023390641435981e-03
  -5.0263535231351852e-03  -4.1686670738272369e-04  -9.8428025376051664e-04
  -3.5726765636354685e-03  -6.7695800680667162e-04  -9.3287724303081632e-04
  -8.6934218415990472e-04  -1.2080960441380739e-03  -9.0680154971778393e-04
   1.2192794820293784e-03  -1.9370497902855277e-03  -9.1519288253039122e-04
   1.5712163876742125e-03  -2.3828004486858845e-03  -9.3824433861300349e-04
   1.9940338097512722e-03  -2.4721713270992041e-03  -9.4321160577237606e-04
   2.3601825814694166e-03  -2.4489192292094231e-03  -8.7397266179323196e-04
   1.5448508784174919e-03  -2.2862034384161234e-03  -7.1232847403734922e-04
   2.5986717082560062e-04  -1.5283999964594841e-03  -5.0264375749975443e-04
  -7.3561770841479301e-04   2.0619854694814421e-06  -3.2378590549342334e-04
  -1.5764335403218865e-03   1.3048528926447034e-03  -2.1343269327189773e-04
  -1.8752693431451917e-03   1.2398984981700778e-03  -1.2777977099176496e-04
  -9.8425021860748529e-04   1.7738304450176656e-04  -1.7146729078376666e-05
   6.8985082907602191e-04  -5.9777143178507686e-04   1.2956878344994038e-04
   1.5087419888004661e-03  -3.8233303348533809e-04   2.5374756660312414e-04
   1.8572991248220205e-03   4.6142638893797994e-04   3.9466310408897698e-04
   2.9409835115075111e-03   1.1290794936940074e-03   5.1799532957375050e-04
   4.1095092892646790e-03   9.4085792079567909e-04   5.3261959692463279e-04
   5.5336789228022099e-03  -5.4365122923627496e-04   4.7522882232442498e-04
   7.2075282223522663e-03  -2.9197151307016611e-03   3.8686738116666675e-04
   8.3567332476377487e-03  -5.0595663487911224e-03   3.4705857979133725e-04
   9.1443033888936043e-03  -5.9999921359121799e-03   3.0171420075930655e-04
   1.0169751010835171e-02  -5.6682140566408634e-03   2.8816162375733256e-04
   1.1054804548621178e-02  -4.8376894555985928e-03   2.9526805155910552e-04
   1.0753478854894638e-02  -4.0796976536512375e-03   2.7851693448610604e-04
   9.5803169533610344e-03  -3.0538293067365885e-03   3.0207470990717411e-04
   7.9697594046592712e-03  -1.2599475448951125e-03   3.2005406683310866e-04
   5.9165479615330696e-03   1.0201593395322561e-03   3.2245277543552220e-04
   4.2720781639218330e-03   3.1550182029604912e-03   3.3690867712721229e-04
   3.4282854758203030e-03   4.8142541199922562e-03   3.2184307929128408e-04
   3.0221792403608561e-03   6.0906824655830860e-03   2.3031342425383627e-04
   3.3770648296922445e-03   6.8082725629210472e-03   7.4722905992530286e-05
   3.9448714815080166e-03   6.2032509595155716e-03  -5.2920913731213659e-05
   3.2463157549500465e-03   4.2512435466051102e-03  -1.0731101792771369e-04
   2.3940957617014647e-03   1.6064773080870509e-03  -1.3397069415077567e-04
   2.4929298087954521e-03  -9.7517401445657015e-04  -1.5739348600618541e-04
   1.5959328738972545e-03  -3.2746400684118271e-03  -2.1332275355234742e-04
  -3.7233327748253942e-04  -5.4598767310380936e-03  -2.6487841387279332e-04
  -1.2069666991010308e-03  -7.1779349818825722e-03  -2.8408385696820915e-04
  -1.6506002284586430e-03  -8.0678611993789673e-03  -2.8356665279716253e-04
  -2.8497239109128714e-03  -7.8482162207365036e-03  -2.3473097826354206e-04
  -3.3634712453931570e-03  -6.6425092518329620e-03  -1.4298141468316317e-04
  -3.1417750287801027e-03  -4.7087837010622025e-03  -1.1030763744201977e-05
  -3.7597038317471743e-03  -2.2792674135416746e-03   1.5875275130383670e-04
  -4.7857598401606083e-03  -1.1553673175512813e-05   3.5394544829614460e-04
  -4.6223700046539307e-03   1.6140546649694443e-03   5.7929515605792403e-04
  -3.6625070497393608e-03   2.5730456691235304e-03   8.4170734044164419e-04
  -3.0816763173788786e-03   3.0004309955984354e-03   1.1317979078739882e-03
  -2.6921764947474003e-03   3.1808232888579369e-03   1.4428977156057954e-03
  -2.0042483229190111e-03   3.0536516569554806e-03   1.7002655658870935e-03
  -1.6360260779038072e-03   2.4314720649272203e-03   1.8388940952718258e-03
  -1.4622262679040432e-03   1.3588530709967017e-03   1.8980068853124976e-03
  -1.0533310705795884e-03   3.3595532295294106e-04   1.9491086713969707e-03
  -1.1578395497053862e-03  -8.9517336164135486e-05   1.9636256620287895e-03
  -8.2892441423609853e-04  -2.7385947760194540e-04   1.9746448379009962e-03
   1.2380194384604692e-03  -9.1079936828464270e-04   2.0875826012343168e-03
   3.3692268189042807e-03  -1.9619541708379984e-03   2.2713958751410246e-03
   4.6110856346786022e-03  -2.6666943449527025e-03   2.4722912348806858e-03
   5.4534128867089748e-03  -1.9865280482918024e-03   2.6999057736247778e-03
   4.5757940970361233e-03   3.5251394729129970e-04   2.9110000468790531e-03
   2.4448265321552753e-03   3.1671393662691116e-03   3.1303991563618183e-03
   1.3098900672048330e-03   4.8473356291651726e-03   3.4163622185587883e-03
   1.3684850418940187e-03   4.7610746696591377e-03   3.7221612874418497e-03
   1.6361807938665152e-03   3.4570798743516207e-03   4.0192808955907822e-03
   1.9413639092817903e-03   2.0347549580037594e-03   4.2964317835867405e-03
   2.7741852682083845e-03   1.2205292005091906e-03   4.4953995384275913e-03
   3.2173418439924717e-03   1.1042430996894836e-03   4.6696136705577374e-03
   2.5716088712215424e-03   1.2217118637636304e-03   4.8181805759668350e-03
   2.3072818294167519e-03   9.9430349655449390e-04   4.9045444466173649e-03
   2.5026544462889433e-03   4.4330637319944799e-04   4.9009365029633045e-03
   2.0429231226444244e-03   7.8186276368796825e-05   4.8302323557436466e-03
   1.0524416575208306e-03   3.1819511787034571e-04   4.7598937526345253e-03
   1.1506675218697637e-04   1.1104797013103962e-03   4.7294204123318195e-03
  -4.4064992107450962e-04   1.9379607401788235e-03   4.7406349331140518e-03
  -7.3389668250456452e-04   2.3886971175670624e-03   4.7412239946424961e-03
  -8.4558496018871665e-04   2.4315021000802517e-03   4.7364910133183002e-03
  -6.4121757168322802e-04   2.0912704057991505e-03   4.6670250594615936e-03
   7.5358643698564265e-06   1.5774529892951250e-03   4.6333335340023041e-03
   4.6142018982209265e-04   1.3703570002689958e-03   4.6513779088854790e-03
   7.5307610677555203e-04   1.6981066437438130e-03   4.6516833826899529e-03
   1.7678283620625734e-03   2.1881572902202606e-03   4.6166027896106243e-03
   2.5847717188298702e-03   1.9670792389661074e-03   4.5261457562446594e-03
   2.7228933759033680e-03   5.7535379892215133e-04   4.4385804794728756e-03
   3.5508684813976288e-03  -1.3814506819471717e-03   4.3086218647658825e-03
   4.8393313772976398e-03  -2.4313721805810928e-03   4.1356948204338551e-03
   5.3700390271842480e-03  -1.5639304183423519e-03   3.9524175226688385e-03
   5.0118751823902130e-03   7.4550020508468151e-04   3.7752550560981035e-03
   4.6539804898202419e-03   3.1860184390097857e-03   3.6248362157493830e-03
   4.7663603909313679e-03   4.5885681174695492e-03   3.4453163389116526e-03
   4.6014892868697643e-03   4.8767980188131332e-03   3.2738039735704660e-03
   3.9460114203393459e-03   4.7248429618775845e-03   3.1387046910822392e-03
   3.1402639579027891e-03   4.7523779794573784e-03   3.0193303246051073e-03
   2.2208064328879118e-03   4.9189892597496510e-03   2.9217703267931938e-03
   1.4677033759653568e-03   4.6934303827583790e-03   2.7555157430469990e-03
   1.1851486051455140e-03   3.7508881650865078e-03   2.5422226171940565e-03
   1.5772887272760272e-03   2.8505711816251278e-03   2.3369500413537025e-03
   1.9878474995493889e-03   3.0654254369437695e-03   2.1346269641071558e-03
   1.4296941226348281e-03   4.2237085290253162e-03   2.0520822145044804e-03
   8.3191160229034722e-05   4.6958914026618004e-03   2.0210917573422194e-03
  -1.7239225562661886e-03   2.9192853253334761e-03   2.0004303660243750e-03
  -2.9264551121741533e-03  -7.6881999848410487e-04   2.0044655539095402e-03
  -3.7085118237882853e-03  -4.1837706230580807e-03   2.0274957641959190e-03
  -4.6134144067764282e-03  -5.2486350759863853e-03   2.0649551879614592e-03
  -4.5576761476695538e-03  -4.0361178107559681e-03   2.1364844869822264e-03
  -3.3726661931723356e-03  -2.2430173121392727e-03   2.2990463767200708e-03
  -2.1891668438911438e-03  -1.2914203107357025e-03   2.4834051728248596e-03
  -1.5603924402967095e-03  -1.1318342294543982e-03   2.6458613574504852e-03
  -6.4001826103776693e-04  -9.9359382875263691e-04   2.8278457466512918e-03
   1.0940986976493150e-04  -3.2609075424261391e-04   3.0615471769124269e-03
  -2.0808300178032368e-04   1.0919452179223299e-03   3.3628409728407860e-03
  -3.8807670352980494e-04   2.8523521032184362e-03   3.7085618823766708e-03
  -3.1642608519177884e-05   4.1319290176033974e-03   4.0461462922394276e-03
  -3.5061204107478261e-04   4.4486802071332932e-03   4.3645380064845085e-03
  -1.1100998381152749e-03   4.1218046098947525e-03   4.6166228130459785e-03
  -1.2061767047271132e-03   3.8867818657308817e-03   4.8317639157176018e-03
  -8.3582062507048249e-04   3.8665649481117725e-03   5.0051389262080193e-03
  -6.4071785891428590e-04   3.6735308822244406e-03   5.1610935479402542e-03
  -2.8445752104744315e-04   2.9827798716723919e-03   5.2880891598761082e-03
   2.3325181973632425e-04   1.9620617385953665e-03   5.3565558046102524e-03
   2.4651450803503394e-04   1.1373949237167835e-03   5.3991624154150486e-03
  -2.1535009727813303e-04   7.1478739846497774e-04   5.4194470867514610e-03
  -1.5361557598225772e-04   5.4945802548900247e-04   5.3962240926921368e-03
   2.1143378398846835e-04   6.4996280707418919e-04   5.3877485916018486e-03
   7.5133299105800688e-05   1.0931964498013258e-03   5.3968052379786968e-03
   4.6800274867564440e-04   1.8289646832272410e-03   5.3872196003794670e-03
   1.6338239656761289e-03   2.5941007770597935e-03   5.3763450123369694e-03
   1.9317681435495615e-03   3.1023647170513868e-03   5.2571999840438366e-03
   1.4955180231481791e-03   3.3574248664081097e-03   5.0631868652999401e-03
   1.5162092167884111e-03   3.4147615078836679e-03   4.8483000136911869e-03
   1.3962724478915334e-03   3.2035291660577059e-03   4.5979227870702744e-03
   9.0015528257936239e-04   2.7020049747079611e-03   4.3478105217218399e-03
   9.4973656814545393e-04   2.1254436578601599e-03   4.1230525821447372e-03
   1.5454805688932538e-03   1.7850789008662105e-03   3.9086919277906418e-03
   2.0062772091478109e-03   1.8524918705224991e-03   3.7198655772954226e-03
   2.4730227887630463e-03   2.1740309894084930e-03   3.5463897511363029e-03
   3.0490541830658913e-03   2.4091857485473156e-03   3.3462110441178083e-03
   2.9358663596212864e-03   2.3466201964765787e-03   3.0985870398581028e-03
   2.4722719099372625e-03   1.9072107970714569e-03   2.8633736073970795e-03
   2.1269910503178835e-03   1.1261811014264822e-03   2.6863634120672941e-03
   1.2385083828121424e-03   3.5442580701783299e-04   2.5470149703323841e-03
   3.8615777157247066e-04  -1.4092254787101410e-05   2.4327728897333145e-03
   1.8029089551419020e-04   1.8040082068182528e-05   2.3368455003947020e-03
  -3.0620873440057039e-04   2.2458909370470792e-04   2.2312668152153492e-03
  -1.1243119370192289e-03   4.0598685154691339e-04   2.0939190872013569e-03
  -1.4477542135864496e-03   5.2451167721301317e-04   1.9483690848574042e-03
  -1.6961647197604179e-03   7.2792015271261334e-04   1.8218973418697715e-03
  -2.2877724841237068e-03   1.0593776823952794e-03   1.7301990883424878e-03
  -2.5118093471974134e-03   1.3089905260130763e-03   1.7052327748388052e-03
  -2.1612485870718956e-03   1.3334909453988075e-03   1.7244524788111448e-03
  -1.9229830941185355e-03   1.3018844183534384e-03   1.7506378935649991e-03
  -2.0191799849271774e-03   1.4431378804147243e-03   1.7724991776049137e-03
  -2.0273856353014708e-03   1.7167663900181651e-03   1.7810012213885784e-03
  -1.5074413968250155e-03   1.8633858999237418e-03   1.7823103116825223e-03
  -6.9540843833237886e-04   1.7259737942367792e-03   1.7866330454126000e-03
  -1.1265808279858902e-04   1.4181705191731453e-03   1.7923449631780386e-03
   5.5404548766091466e-04   1.2095351703464985e-03   1.7993710935115814e-03
   1.4920957619324327e-03   1.2644137023016810e-03   1.8214269075542688e-03
   1.9236225634813309e-03   1.4467447763308883e-03   1.8546407809481025e-03
   1.7951333429664373e-03   1.3565344270318747e-03   1.8762086983770132e-03
   1.7351228743791580e-03   8.0674706259742379e-04   1.8908748170360923e-03
   1.4225381892174482e-03   5.6848741223802790e-05   1.8929995130747557e-03
   5.6201114784926176e-04  -4.0224893018603325e-04   1.9061623606830835e-03
  -1.9211742619518191e-04  -1.8554100824985653e-04   1.9538060296326876e-03
  -4.0103957871906459e-04   6.0678645968437195e-04   1.9929346162825823e-03
  -3.3687864197418094e-04   1.4459206722676754e-03   2.0210016518831253e-03
   2.6064674602821469e-04   1.8954981351271272e-03   2.0328627433627844e-03
   1.5051526715978980e-03   1.9394340924918652e-03   2.0418176427483559e-03
   2.4594594724476337e-03   1.7549120821058750e-03   2.0230337977409363e-03
   2.6753498241305351e-03   1.4961677370592952e-03   1.9969323184341192e-03
   2.5717867538332939e-03   1.3556048506870866e-03   1.9938840996474028e-03
   2.1097082644701004e-03   1.5670987777411938e-03   2.0001111552119255e-03
   1.5123188495635986e-03   2.1180359181016684e-03   2.0299742463976145e-03
   1.8791271140798926e-03   2.5631913449615240e-03   2.0541809499263763e-03
   2.8087904211133718e-03   2.3034072946757078e-03   2.0503902342170477e-03
   2.9993315692991018e-03   1.3089305721223354e-03   2.0404786337167025e-03
   2.5569447316229343e-03   2.7306639822199941e-04   2.0690485835075378e-03
   1.9842695910483599e-03  -2.6757293380796909e-04   2.1274706814438105e-03
   1.6303939046338201e-03  -3.1718568061478436e-04   2.2031690459698439e-03
   1.4549394836649299e-03  -2.8568870038725436e-04   2.3053591139614582e-03
   9.4808894209563732e-04  -6.4381613628938794e-04   2.4095557164400816e-03
   2.3233229876495898e-04  -1.3868476962670684e-03   2.5437017902731895e-03
  -2.6780128246173263e-04  -2.0587085746228695e-03   2.7178016025573015e-03
  -1.0516919428482652e-03  -2.2326929029077291e-03   2.8952190186828375e-03
  -1.7528466414660215e-03  -1.8291845917701721e-03   3.1205248087644577e-03
  -1.6174080083146691e-03  -1.2414110824465752e-03   3.3400484826415777e-03
  -1.4969573821872473e-03  -9.8502857144922018e-04   3.4724515862762928e-03
  -2.0565397571772337e-03  -1.1515871156007051e-03   3.5252626985311508e-03
  -3.0869815964251757e-03  -1.3221899280324578e-03   3.5771599505096674e-03
  -3.7296100053936243e-03  -8.6338550318032503e-04   3.6183614283800125e-03
  -3.2916713971644640e-03   3.7500585312955081e-04   3.6525735631585121e-03
  -2.1708770655095577e-03   1.8472647061571479e-03   3.6791081074625254e-03
  -6.3676002901047468e-04   2.8198801446706057e-03   3.7157977931201458e-03
   9.3531247694045305e-04   3.2301614992320538e-03   3.7832311354577541e-03
   2.1012451034039259e-03   3.4802674781531096e-03   3.7778236437588930e-03
   3.3087914343923330e-03   3.4005111083388329e-03   3.7306395824998617e-03
   3.9377817884087563e-03   2.8873567935079336e-03   3.6996195558458567e-03
   3.2285556662827730e-03   2.2244174033403397e-03   3.6566001363098621e-03
   3.0672440771013498e-03   1.6489737899973989e-03   3.6542215384542942e-03
   4.1440031491219997e-03   1.1693508131429553e-03   3.6763970274478197e-03
   4.6959589235484600e-03   3.5592436324805021e-04   3.6392600741237402e-03
   5.3379577584564686e-03  -8.2629622193053365e-04   3.5959081724286079e-03
   6.0188919305801392e-03  -1.5833897050470114e-03   3.5509082954376936e-03
   4.3672095052897930e-03  -1.0642750421538949e-03   3.5649607889354229e-03
   1.3449121033772826e-03   4.1026028338819742e-04   3.6345759872347116e-03
  -1.0457052849233150e-03   1.5198646578937769e-03   3.6753697786480188e-03
  -3.4164523240178823e-03   1.6802465543150902e-03   3.6839551758021116e-03
  -5.6756474077701569e-03   1.6010019462555647e-03   3.7056053988635540e-03
  -6.8521536886692047e-03   1.9491187995299697e-03   3.7798325065523386e-03
  -7.1810833178460598e-03   2.4894217494875193e-03   3.8858943153172731e-03
  -7.3028248734772205e-03   2.5676749646663666e-03   4.0117539465427399e-03
  -6.8538128398358822e-03   1.8689528806135058e-03   4.1093411855399609e-03
  -5.4182717576622963e-03   8.1317307194694877e-04   4.1909464634954929e-03
  -3.4925274085253477e-03   7.7755859820172191e-05   4.2886640876531601e-03
  -1.4907806180417538e-03  -2.5106201064772904e-05   4.3792231008410454e-03
   4.2761716758832335e-04   7.4242430855520070e-05   4.5168865472078323e-03
   1.8890217179432511e-03  -3.3416636870242655e-04   4.6254480257630348e-03
   2.8425075579434633e-03  -1.5024242457002401e-03   4.6386807225644588e-03
   3.6489299964159727e-03  -2.9861833900213242e-03   4.5536528341472149e-03
   3.7780737038701773e-03  -3.8624473381787539e-03   4.3599638156592846e-03
   3.0823657289147377e-03  -3.6964586470276117e-03   4.1345776990056038e-03
   2.9140829574316740e-03  -2.8304515872150660e-03   4.0053976699709892e-03
   2.8966879472136497e-03  -1.8602776108309627e-03   3.9682090282440186e-03
   2.3666492197662592e-03  -1.2188201071694493e-03   3.9728968404233456e-03
   2.6197261177003384e-03  -9.7340968204662204e-04   3.9790216833353043e-03
   3.5336879082024097e-03  -1.0523616801947355e-03   3.9587840437889099e-03
   4.1476064361631870e-03  -1.4959895052015781e-03   3.9239884354174137e-03
   4.4699134305119514e-03  -2.1061825100332499e-03   3.8392001297324896e-03
   4.7495695762336254e-03  -2.4421876296401024e-03   3.7062529008835554e-03
   4.2978329584002495e-03  -2.4157068692147732e-03   3.5394330043345690e-03
   2.7009355835616589e-03  -2.1433921065181494e-03   3.3722664229571819e-03
   1.2391189811751246e-03  -1.5128285158425570e-03   3.2259968575090170e-03
   3.8602660060860217e-04  -4.7790625831112266e-04   3.1042683403939009e-03
  -6.8411399843171239e-04   9.1610656818374991e-04   2.9491987079381943e-03
  -1.7741449410095811e-03   2.5311689823865891e-03   2.8294548392295837e-03
  -2.7934855315834284e-03   4.0653659962117672e-03   2.7891113422811031e-03
  -4.4896122999489307e-03   5.3522186353802681e-03   2.7422027196735144e-03
  -6.5571554005146027e-03   6.3245440833270550e-03   2.7514877729117870e-03
  -8.6620608344674110e-03   6.8772193044424057e-03   2.8460966423153877e-03
  -1.1553809978067875e-02   6.8353931419551373e-03   2.9154876247048378e-03
  -1.3664721511304379e-02   5.9869512915611267e-03   2.9861233197152615e-03
  -1.4552861452102661e-02   4.2533022351562977e-03   3.1045039650052786e-03
  -1.5480232425034046e-02   1.9968426786363125e-03   3.2850743737071753e-03
  -1.5238136053085327e-02  -2.1696164913009852e-04   3.5439173225313425e-03
  -1.3034775853157043e-02  -1.8567494116723537e-03   3.8910114672034979e-03
  -1.0113421827554703e-02  -2.6618069969117641e-03   4.3717571534216404e-03
  -8.0724759027361870e-03  -2.8445851057767868e-03   4.9770758487284184e-03
  -5.7582152076065540e-03  -3.3580043818801641e-03   5.4877432994544506e-03
  -2.3008454591035843e-03  -5.1879584789276123e-03   5.8975485153496265e-03
  -2.1823291899636388e-04  -7.7597708441317081e-03   6.2708174809813499e-03
   8.2469673361629248e-04  -9.2918332666158676e-03   6.5073831938207150e-03
   4.3425066396594048e-03  -8.4812445566058159e-03   6.6812178120017052e-03
   7.8965499997138977e-03  -5.2304253913462162e-03   6.7887287586927414e-03
   8.6163040250539780e-03  -1.1411329032853246e-03   6.9331396371126175e-03
   9.8842233419418335e-03   1.9918433390557766e-03   7.2009153664112091e-03
   1.2311463244259357e-02   3.7046738434582949e-03   7.4109770357608795e-03
   1.3128284364938736e-02   4.9299006350338459e-03   7.5631034560501575e-03
   1.2916351668536663e-02   6.3920263200998306e-03   7.6522952876985073e-03
   1.3144145719707012e-02   7.6366332359611988e-03   7.6291169971227646e-03
   1.4387941919267178e-02   7.9503301531076431e-03   7.5521590188145638e-03
   1.5536016784608364e-02   6.8035172298550606e-03   7.4360147118568420e-03
   1.5266098082065582e-02   4.5035248622298241e-03   7.2959801182150841e-03
   1.5025132335722446e-02   2.0430071745067835e-03   7.0468271151185036e-03
   1.5029592439532280e-02   3.7990065175108612e-04   6.7709353752434254e-03
   1.3749753125011921e-02   7.9226461821235716e-05   6.5042949281632900e-03
   1.1760383844375610e-02   7.3083303868770599e-04   6.2857726588845253e-03
   1.0216024704277515e-02   1.6065769596025348e-03   6.0873846523463726e-03
   8.8063199073076248e-03   2.1191653795540333e-03   5.8314250782132149e-03
   7.2047188878059387e-03   1.9528552656993270e-03   5.5440990254282951e-03
   5.7843406684696674e-03   1.3674484798684716e-03   5.2284365519881248e-03
   4.4776387512683868e-03   1.0600173845887184e-03   4.9326284788548946e-03
   2.9994060751050711e-03   1.2920604785904288e-03   4.7351699322462082e-03
   1.3580736704170704e-03   1.9762536976486444e-03   4.5754448510706425e-03
   4.4226695899851620e-04   3.0051581561565399e-03   4.4427579268813133e-03
   4.9600721104070544e-04   4.2952424846589565e-03   4.5352615416049957e-03
   4.5730327838100493e-04   4.6323416754603386e-03   3.9574960246682167e-03
  -4.2561539885355160e-05   5.1610250957310200e-03   4.0236953645944595e-03
  -8.1586162559688091e-04   5.0908718258142471e-03   3.8403491489589214e-03
  -1.2712513562291861e-03   5.2113458514213562e-03   3.6523325834423304e-03
  -1.4671212993562222e-03   5.8877142146229744e-03   3.5063505638390779e-03
  -1.5500179724767804e-03   7.0190620608627796e-03   3.3867985475808382e-03
  -1.0102847591042519e-03   7.8904628753662109e-03   3.3622721675783396e-03
   3.3271458232775331e-04   7.3623531498014927e-03   3.4188055433332920e-03
   1.3335170224308968e-03   5.0181620754301548e-03   3.4498439636081457e-03
   2.0352913998067379e-03   1.8860833952203393e-03   3.4327632747590542e-03
   2.9712787363678217e-03  -6.1294803163036704e-04   3.3768042922019958e-03
   2.9608125332742929e-03  -1.5480092260986567e-03   3.2861840445548296e-03
   2.0868431311100721e-03  -9.3635532539337873e-04   3.1612724997103214e-03
   2.0883076358586550e-03   3.6955054383724928e-04   3.0214677099138498e-03
   2.1381648257374763e-03   1.7243223264813423e-03   2.8699527028948069e-03
   4.1908884304575622e-04   2.9374458827078342e-03   2.7393626514822245e-03
  -1.4599275309592485e-03   3.9051235653460026e-03   2.6529119350016117e-03
  -1.9471099367365241e-03   4.5379353687167168e-03   2.5798119604587555e-03
  -2.2452406119555235e-03   4.8753865994513035e-03   2.5385364424437284e-03
  -2.0284352358430624e-03   4.9714474007487297e-03   2.5551354046911001e-03
  -9.7570370417088270e-04   4.8153335228562355e-03   2.6092457119375467e-03
  -3.3809983870014548e-04   4.6412982046604156e-03   2.6294551789760590e-03
   3.2437173649668694e-04   4.5951544307172298e-03   2.6196001563221216e-03
   1.5577438753098249e-03   4.6067880466580391e-03   2.6503533590584993e-03
   2.5609685108065605e-03   4.4478592462837696e-03   2.6733181439340115e-03
   3.4343821462243795e-03   3.7465007044374943e-03   2.7538265567272902e-03
   4.7750985249876976e-03   2.5894364807754755e-03   2.8922718483954668e-03
   5.1987227052450180e-03   1.3211038894951344e-03   2.9928951989859343e-03
   4.5509487390518188e-03   2.8781182481907308e-04   3.0587988439947367e-03
   4.0876381099224091e-03  -1.0028784890891984e-04   3.0817366205155849e-03
   3.5698080901056528e-03   1.9651200273074210e-04   3.0545613262802362e-03
   2.7624317444860935e-03   4.3008360080420971e-04   2.9798622708767653e-03
   2.2744389716535807e-03  -5.5384036386385560e-05   2.8567672707140446e-03
   2.1623016800731421e-03  -7.4274180224165320e-04   2.7622920460999012e-03
   1.6259063268080354e-03  -4.1505187982693315e-04   2.7523071039468050e-03
   4.6465333434753120e-04   1.2992474948987365e-03   2.8178091160953045e-03
   1.9322379375807941e-04   3.1810216605663300e-03   2.9528469312936068e-03
   6.6968193277716637e-04   4.1247229091823101e-03   3.1433424446731806e-03
  -1.1948656901950017e-04   4.1114711202681065e-03   3.3177365548908710e-03
  -1.4219784643501043e-03   3.7018153816461563e-03   3.4314340446144342e-03
  -2.3945560678839684e-03   3.7484767381101847e-03   3.5684916656464338e-03
  -4.3888376094400883e-03   4.4741709716618061e-03   3.7527675740420818e-03
  -6.4711933955550194e-03   5.4276566952466965e-03   4.0351022034883499e-03
  -6.7272335290908813e-03   6.0276105068624020e-03   4.4259480200707912e-03
  -6.2550422735512257e-03   6.0015916824340820e-03   4.7999620437622070e-03
  -5.9314300306141376e-03   5.3890077397227287e-03   5.1209651865065098e-03
  -4.6757617965340614e-03   4.2549711652100086e-03   5.4270047694444656e-03
  -3.0206099618226290e-03   2.4722113739699125e-03   5.6503745727241039e-03
  -2.2370303049683571e-03   2.6935196365229785e-04   5.8137946762144566e-03
  -1.8299652729183435e-03  -1.7847211565822363e-03   5.9956191107630730e-03
  -9.5249648438766599e-04  -3.3018954563885927e-03   6.1618532054126263e-03
   1.4437084610108286e-04  -4.0523237548768520e-03   6.3446504063904285e-03
   1.1570340720936656e-03  -3.8633465301245451e-03   6.5125608816742897e-03
   2.1142677869647741e-03  -2.7741354424506426e-03   6.7172683775424957e-03
   3.3192783594131470e-03  -1.3397170696407557e-03   6.9582983851432800e-03
   4.5684892684221268e-03  -3.4233188489452004e-04   7.1444739587605000e-03
   5.0846752710640430e-03  -1.2573090316436719e-05   7.3071639053523540e-03
   5.0223898142576218e-03   7.7445554779842496e-05   7.4087078683078289e-03
   4.5348973944783211e-03   6.6933210473507643e-04   7.4299364350736141e-03
   3.9727166295051575e-03   2.0846042316406965e-03   7.4185128323733807e-03
   3.2997091766446829e-03   3.7038535811007023e-03   7.4245231226086617e-03
   2.2094557061791420e-03   4.9387053586542606e-03   7.4209012091159821e-03
   1.0548601858317852e-03   5.7225949130952358e-03   7.3727276176214218e-03
  -5.6384003255516291e-04   6.0054687783122063e-03   7.2481613606214523e-03
  -2.4288948625326157e-03   5.6882435455918312e-03   7.0318249054253101e-03
  -3.9587118662893772e-03   4.9924203194677830e-03   6.7942887544631958e-03
  -5.4014511406421661e-03   4.2171222157776356e-03   6.5124505199491978e-03
  -6.4064990729093552e-03   3.5497092176228762e-03   6.2525733374059200e-03
  -6.4482712186872959e-03   3.1258696690201759e-03   5.9929764829576015e-03
  -5.9918365441262722e-03   2.8655449859797955e-03   5.6908419355750084e-03
  -5.3304997272789478e-03   2.4200999177992344e-03   5.4310951381921768e-03
  -4.0902807377278805e-03   1.7245424678549170e-03   5.2072606049478054e-03
  -2.4804966524243355e-03   1.2095451820641756e-03   4.9800826236605644e-03
  -8.8024622527882457e-04   1.1370250722393394e-03   4.7985827550292015e-03
   4.2348317219875753e-04   1.3424697099253535e-03   4.6583847142755985e-03
   1.5621313359588385e-03   1.4899111120030284e-03   4.5411242172122002e-03
   2.9000092763453722e-03   1.2815401423722506e-03   4.4366186484694481e-03
   4.5769144780933857e-03   5.3140794625505805e-04   4.3392651714384556e-03
   6.2183318659663200e-03  -4.9013062380254269e-04   4.2556407861411572e-03
   7.2241378948092461e-03  -1.0370317613705993e-03   4.1473563760519028e-03
   8.1989830359816551e-03  -7.3014869121834636e-04   3.9739757776260376e-03
   9.0374425053596497e-03  -2.3387183318845928e-06   3.7880479358136654e-03
   8.6340634152293205e-03   5.9250806225463748e-04   3.6321133375167847e-03
   7.3190578259527683e-03   1.0078561026602983e-03   3.4897620789706707e-03
   6.4961295574903488e-03   1.4977367827668786e-03   3.3616721630096436e-03
   5.4473942145705223e-03   2.1255037281662226e-03   3.2320432364940643e-03
   3.0081067234277725e-03   2.6167416945099831e-03   3.0462658032774925e-03
   1.5301789389923215e-03   2.7777133509516716e-03   2.9281903989613056e-03
   6.1042554443702102e-04   2.4416721425950527e-03   2.6694643311202526e-03
  -1.0263959411531687e-03   1.9749444909393787e-03   2.3146877065300941e-03
  -1.2967151124030352e-03   2.1612686105072498e-03   2.2260916884988546e-03
   4.1297302232123911e-04   2.7298897039145231e-03   2.2253768984228373e-03
   1.8567296210676432e-03   2.9027548152953386e-03   2.2486140951514244e-03
   2.4177590385079384e-03   2.6554409414529800e-03   2.2654803469777107e-03
   3.6187912337481976e-03   2.6351115666329861e-03   2.2665441501885653e-03
   5.3839506581425667e-03   3.1206449493765831e-03   2.3243324831128120e-03
   6.3195056281983852e-03   3.3004698343575001e-03   2.4130141828209162e-03
   5.6669060140848160e-03   2.3031241726130247e-03   2.4258168414235115e-03
   4.4595887884497643e-03   6.6758313914760947e-04   2.3389144334942102e-03
   2.8585286345332861e-03  -3.5017164191231132e-04   2.2670016624033451e-03
   8.1675109686329961e-04   1.1009948502760381e-04   2.2947287652641535e-03
  -2.8308617766015232e-04   1.8699243664741516e-03   2.4512615054845810e-03
  -9.6556934295222163e-05   3.6535221152007580e-03   2.6489039883017540e-03
  -3.3117801649495959e-04   4.5902770943939686e-03   2.8149427380412817e-03
  -1.0427973465994000e-03   4.8357476480305195e-03   2.9864436946809292e-03
  -8.7413954315707088e-04   4.8845051787793636e-03   3.1872782856225967e-03
  -6.3993828371167183e-04   5.0822766497731209e-03   3.3878381364047527e-03
  -9.0421218192204833e-04   5.1358807832002640e-03   3.5736765712499619e-03
  -6.9211964728310704e-04   4.5904670841991901e-03   3.7693383637815714e-03
   1.4563994773197919e-04   3.5123897250741720e-03   3.9610727690160275e-03
   5.8110692771151662e-04   2.3676401469856501e-03   4.1041239164769650e-03
   1.0032885475084186e-03   1.4637954300269485e-03   4.2234286665916443e-03
   1.8638755427673459e-03   9.2920922907069325e-04   4.4086668640375137e-03
   2.0797890610992908e-03   8.9208030840381980e-04   4.6310881152749062e-03
   2.4799969978630543e-03   1.3295592507347465e-03   4.8892628401517868e-03
   3.6438750103116035e-03   2.0232838578522205e-03   5.2405926398932934e-03
   3.9701675996184349e-03   2.6286051142960787e-03   5.5997124873101711e-03
   4.2271064594388008e-03   2.7926051989197731e-03   5.9689893387258053e-03
   5.9449998661875725e-03   2.2991432342678308e-03   6.3116378150880337e-03
   7.6571414247155190e-03   1.2654844904318452e-03   6.5898783504962921e-03
   8.3574568852782249e-03   6.3924875576049089e-05   6.8480861373245716e-03
   9.1646006330847740e-03  -9.7654270939528942e-04   7.0701176300644875e-03
   9.7939176484942436e-03  -1.7456604400649667e-03   7.1808337233960629e-03
   8.7948357686400414e-03  -2.1963829640299082e-03   7.1839117445051670e-03
   6.6171656362712383e-03  -2.2083444055169821e-03   7.1786032058298588e-03
   4.0916712023317814e-03  -1.5423522563651204e-03   7.1662412956357002e-03
   1.0951884323731065e-03   1.6325919204973616e-05   7.1958405897021294e-03
  -1.9098803168162704e-03   2.4949386715888977e-03   7.2412202134728432e-03
  -3.9669997058808804e-03   5.3517986088991165e-03   7.3345187120139599e-03
  -4.5114615932106972e-03   7.5851501896977425e-03   7.4425707571208477e-03
  -4.0147532708942890e-03   8.5893692448735237e-03   7.5188074260950089e-03
  -4.0302048437297344e-03   8.6840773001313210e-03   7.5951158069074154e-03
  -4.6602464281022549e-03   8.3396760746836662e-03   7.6863891445100307e-03
  -4.5670499093830585e-03   7.5909974984824657e-03   7.7528888359665871e-03
  -4.4050989672541618e-03   6.3698389567434788e-03   7.7498704195022583e-03
  -4.7489735297858715e-03   4.6727387234568596e-03   7.6840766705572605e-03
  -4.5562158338725567e-03   2.6880726218223572e-03   7.5428849086165428e-03
  -3.9599235169589520e-03   8.8762218365445733e-04   7.3856804519891739e-03
  -3.3089052885770798e-03  -2.0026795391459018e-04   7.6129371300339699e-03
  -1.5332183102145791e-03  -2.9723811894655228e-04   6.7429426126182079e-03
   3.6516622640192509e-04   4.3802737491205335e-04   6.9660162553191185e-03
   1.9825303461402655e-03   1.7865580739453435e-03   6.7724077962338924e-03
   2.9063024558126926e-03   3.1255322974175215e-03   6.5373168326914310e-03
   3.3939660061150789e-03   3.9838720113039017e-03   6.5657622180879116e-03
   2.8424279298633337e-03   3.4780616406351328e-03   5.6423633359372616e-03
   2.5576341431587934e-03   3.1223737169057131e-03   5.6147342547774315e-03
   2.6799745392054319e-03   2.7666592504829168e-03   5.3321220912039280e-03
   3.1375354155898094e-03   2.8114847373217344e-03   5.0899628549814224e-03
   3.6477253306657076e-03   3.0300146900117397e-03   4.8921112902462482e-03
   4.3680518865585327e-03   3.1871495302766562e-03   4.6880939044058323e-03
   4.7576450742781162e-03   3.3356365747749805e-03   4.4573801569640636e-03
   4.3090940453112125e-03   3.8679032586514950e-03   4.2651509866118431e-03
   3.1617521308362484e-03   4.9011060036718845e-03   4.0920912288129330e-03
   1.8483940511941910e-03   6.0446383431553841e-03   3.9142686873674393e-03
   5.4079759865999222e-04   6.8871593102812767e-03   3.7403693422675133e-03
  -7.5241643935441971e-04   7.3764454573392868e-03   3.5963032860308886e-03
  -2.0839145872741938e-03   7.6386011205613613e-03   3.5290403757244349e-03
  -2.7565490454435349e-03   7.3936432600021362e-03   3.5410046111792326e-03
  -2.0923998672515154e-03   6.1495597474277020e-03   3.5854494199156761e-03
  -7.8320951433852315e-04   4.0206601843237877e-03   3.6703925579786301e-03
   9.5325999427586794e-04   2.0472472533583641e-03   3.8266333285719156e-03
   3.1247425358742476e-03   1.3637804659083486e-03   4.0479451417922974e-03
   5.0124847330152988e-03   2.0122840069234371e-03   4.3173269368708134e-03
   6.0234963893890381e-03   2.9464743565768003e-03   4.5462753623723984e-03
   6.3353683799505234e-03   3.4768688492476940e-03   4.7089820727705956e-03
   6.1660055071115494e-03   3.9894222281873226e-03   4.8291813582181931e-03
   5.3263022564351559e-03   5.0151441246271133e-03   4.9099312163889408e-03
   3.8369512185454369e-03   6.8821571767330170e-03   4.9989023245871067e-03
   2.0115626975893974e-03   9.2316865921020508e-03   4.9896379932761192e-03
  -4.8015610082075000e-04   1.0913491249084473e-02   4.8428880982100964e-03
  -4.1211349889636040e-03   1.0664697736501694e-02   4.6564508229494095e-03
  -7.7250660397112370e-03   7.9878335818648338e-03   4.5976457186043262e-03
  -8.8569121435284615e-03   3.8786982186138630e-03   4.6218894422054291e-03
  -8.0798091366887093e-03   2.8420376474969089e-04   4.7271214425563812e-03
  -7.4717295356094837e-03  -1.7280658939853311e-03   4.8244870267808437e-03
  -5.7390560396015644e-03  -2.3976922966539860e-03   4.8058684915304184e-03
  -2.5854324921965599e-03  -2.5166752748191357e-03   4.7573214396834373e-03
  -1.0943985544145107e-03  -2.8199499938637018e-03   4.5979828573763371e-03
  -6.8087578983977437e-04  -3.6154331173747778e-03   4.4571203179657459e-03
   1.3975234469398856e-03  -4.4281203299760818e-03   4.3401843868196011e-03
   3.5902764648199081e-03  -4.2528524063527584e-03   4.1980324313044548e-03
   4.1162273846566677e-03  -2.6290451642125845e-03   4.1296603158116341e-03
   3.7916991859674454e-03   5.4242929763859138e-05   4.1719400323927402e-03
   3.4781184513121843e-03   3.1916256994009018e-03   4.2660254985094070e-03
   2.5343468878418207e-03   5.9922966174781322e-03   4.3087322264909744e-03
   1.0686025489121675e-03   7.6509644277393818e-03   4.3486827053129673e-03
   1.8302942044101655e-04   8.0990986898541451e-03   4.3640113435685635e-03
  -7.1800337173044682e-04   8.4380572661757469e-03   4.5497906394302845e-03
  -9.4407272990792990e-04   7.6679787598550320e-03   4.0885228663682938e-03
  -1.5652396541554481e-04   8.4483372047543526e-03   4.2750602588057518e-03
   9.2864601174369454e-04   8.7840398773550987e-03   4.2414180934429169e-03
   2.8368106577545404e-03   7.6851160265505314e-03   4.1722669266164303e-03
   4.8885531723499298e-03   4.7128195874392986e-03   4.0343725122511387e-03
   5.3002210333943367e-03   1.6375476261600852e-03   3.8015788886696100e-03
   5.3620524704456329e-03   4.5545966713689268e-04   3.5846398677676916e-03
   5.4812878370285034e-03   9.4136258121579885e-04   3.4581492654979229e-03
   4.9346843734383583e-03   1.4236088609322906e-03   3.4731787163764238e-03
   5.5485204793512821e-03   8.1559177488088608e-04   3.6432575434446335e-03
   6.0366224497556686e-03  -6.3457124633714557e-04   3.8637365214526653e-03
   5.5624069646000862e-03  -2.0095205400139093e-03   3.9972197264432907e-03
   5.1849102601408958e-03  -2.6511731557548046e-03   4.0486846119165421e-03
   3.5149091854691505e-03  -2.5501579511910677e-03   4.0839542634785175e-03
   7.1262835990637541e-04  -1.7003953689709306e-03   4.2080269195139408e-03
  -1.1303187347948551e-03   3.5106702125631273e-04   4.4765695929527283e-03
  -2.0117126405239105e-03   3.8885136600583792e-03   4.7496841289103031e-03
  -2.4824056308716536e-03   8.0657564103603363e-03   4.9965437501668930e-03
  -1.7958531389012933e-03   1.1604061350226402e-02   5.2950200624763966e-03
  -7.5594749068841338e-04   1.3663991354405880e-02   5.6024156510829926e-03
  -3.5339579335413873e-04   1.3750253245234489e-02   5.8147343806922436e-03
   6.0828571440652013e-04   1.2440352700650692e-02   5.9552672319114208e-03
   2.2664011921733618e-03   1.0769496671855450e-02   6.0402732342481613e-03
   3.5974527709186077e-03   9.4449389725923538e-03   6.0858046635985374e-03
   5.0328439101576805e-03   8.4307361394166946e-03   6.1877593398094177e-03
   6.6530811600387096e-03   6.9219935685396194e-03   6.3277538865804672e-03
   7.3066642507910728e-03   4.8583298921585083e-03   6.3775544986128807e-03
   7.0327110588550568e-03   3.1906131189316511e-03   6.3940780237317085e-03
   6.4133149571716785e-03   2.7348068542778492e-03   6.4106266945600510e-03
   5.1586851477622986e-03   3.5239330027252436e-03   6.5023456700146198e-03
   3.8659516721963882e-03   4.7761499881744385e-03   6.6547221504151821e-03
   3.1991216819733381e-03   5.5554970167577267e-03   6.7516393028199673e-03
   2.1831202320754528e-03   5.4931011982262135e-03   6.7934063263237476e-03
   6.2992458697408438e-04   4.9420017749071121e-03   6.8161394447088242e-03
  -4.7594841453246772e-04   4.4966186396777630e-03   6.8287765607237816e-03
  -6.3464121194556355e-04   4.4071674346923828e-03   6.9021363742649555e-03
  -4.6279150410555303e-04   4.7417762689292431e-03   7.0220204070210457e-03
  -6.4734420448075980e-05   5.6458669714629650e-03   7.1498006582260132e-03
   9.9639210384339094e-04   7.1277939714491367e-03   7.3182098567485809e-03
   1.8848939798772335e-03   8.5536092519760132e-03   7.4544330127537251e-03
   3.0460660345852375e-03   9.4015225768089294e-03   7.6307663694024086e-03
   5.1690028049051762e-03   9.5339408144354820e-03   7.8228116035461426e-03
   6.9663012400269508e-03   8.8256793096661568e-03   7.8679360449314117e-03
   7.4577112682163715e-03   7.2540328837931156e-03   7.7664819546043873e-03
   7.2686411440372467e-03   5.1294444128870964e-03   7.6570403762161732e-03
   7.0571415126323700e-03   3.9214943535625935e-03   7.6174633577466011e-03
   6.8124057725071907e-03   4.7051040455698967e-03   7.6906932517886162e-03
   6.3550602644681931e-03   6.4659784547984600e-03   7.8141931444406509e-03
   5.2668051794171333e-03   7.2514242492616177e-03   7.8649669885635376e-03
   2.9444515239447355e-03   6.2227295711636543e-03   7.8814178705215454e-03
   3.3022268326021731e-05   4.1086082346737385e-03   7.8646223992109299e-03
  -1.8400086555629969e-03   2.6031392626464367e-03   7.8910626471042633e-03
  -3.7012207321822643e-03   3.0471328645944595e-03   7.9578636214137077e-03
  -5.1412144675850868e-03   5.0747809000313282e-03   8.0072991549968719e-03
  -4.2612683027982712e-03   7.5069940648972988e-03   8.0996779724955559e-03
  -3.3619999885559082e-03   9.3841962516307831e-03   8.1507721915841103e-03
  -3.3633015118539333e-03   1.0082139633595943e-02   8.1692906096577644e-03
  -3.0548910144716501e-03   9.9142007529735565e-03   8.0820377916097641e-03
  -3.7004600744694471e-03   9.9364239722490311e-03   7.9025002196431160e-03
  -5.9497198089957237e-03   1.0561545379459858e-02   7.6464172452688217e-03
  -8.6309360340237617e-03   1.1168292723596096e-02   7.3343687690794468e-03
  -9.8969554528594017e-03   1.0808405466377735e-02   6.9833435118198395e-03
  -8.4735928103327751e-03   8.5648326203227043e-03   6.6838162019848824e-03
  -6.0062599368393421e-03   4.4734841212630272e-03   6.6217002458870411e-03
  -3.5760945174843073e-03  -1.3867378584109247e-04   6.6893431358039379e-03
  -6.7963649053126574e-04  -3.5882177762687206e-03   6.7772450856864452e-03
   1.6493890434503555e-03  -4.5817699283361435e-03   6.7751202732324600e-03
   1.6934493323788047e-03  -2.6852542068809271e-03   6.6726431250572205e-03
  -2.4785377900116146e-04   6.3521089032292366e-04   6.6014816984534264e-03
  -2.7330063749104738e-03   3.2656160183250904e-03   6.6059450618922710e-03
  -5.5194464512169361e-03   4.1551664471626282e-03   6.7166783846914768e-03
  -8.3699198439717293e-03   3.9582648314535618e-03   6.9096721708774567e-03
  -9.6439076587557793e-03   4.1512316092848778e-03   7.4439146555960178e-03
  -7.5550847686827183e-03   4.2266980744898319e-03   6.8235117942094803e-03
  -7.2163534350693226e-03   5.0217099487781525e-03   7.1553373709321022e-03
  -6.9323126226663589e-03   5.4472149349749088e-03   7.1826176717877388e-03
  -5.4576806724071503e-03   6.0566612519323826e-03   7.1940664201974869e-03
  -4.5552742667496204e-03   7.3302215896546841e-03   7.1252514608204365e-03
  -6.2959496863186359e-03   8.7984343990683556e-03   6.9826715625822544e-03
  -8.4568317979574203e-03   9.2978496104478836e-03   6.7268926650285721e-03
  -8.5677187889814377e-03   8.3560524508357048e-03   6.4597320742905140e-03
  -7.4374019168317318e-03   6.5847807563841343e-03   6.1407848261296749e-03
  -6.9622136652469635e-03   4.9568754620850086e-03   5.8171427808701992e-03
  -5.1426873542368412e-03   3.6823523696511984e-03   5.4805167019367218e-03
  -1.5744547126814723e-03   2.2633359767496586e-03   5.0896829925477505e-03
   2.5017251027747989e-04   8.4140757098793983e-04   4.6890131197869778e-03
   1.3593961484730244e-03   1.4778418699279428e-04   4.2735794559121132e-03
   3.7373555824160576e-03   1.8517821445129812e-04   3.8901718799024820e-03
   5.5700344964861870e-03   3.3918092958629131e-04   3.4998045302927494e-03
   6.2076188623905182e-03   3.0669145053252578e-04   3.1123394146561623e-03
   7.0493458770215511e-03   3.4220193629153073e-04   2.7658799663186073e-03
   7.6372306793928146e-03   9.2946679797023535e-04   2.4572974070906639e-03
   7.0033511146903038e-03   2.4385997094213963e-03   2.2242274135351181e-03
   6.3023664988577366e-03   4.5630419626832008e-03   2.0343118812888861e-03
   6.1321826651692390e-03   6.4336364157497883e-03   1.8629275728017092e-03
   5.3914468735456467e-03   7.3286821134388447e-03   1.6993560129776597e-03
   4.0854546241462231e-03   7.0911026559770107e-03   1.5630809357389808e-03
   3.3345329575240612e-03   6.0427752323448658e-03   1.4612656086683273e-03
   2.8541113715618849e-03   4.7307298518717289e-03   1.3641202822327614e-03
   2.1699173375964165e-03   3.6667047534137964e-03   1.3156367931514978e-03
   2.1686558611690998e-03   2.9029222205281258e-03   1.3687353348359466e-03
   2.9667792841792107e-03   2.1745548583567142e-03   1.4978467952460051e-03
   3.9137983694672585e-03   1.4887023717164993e-03   1.6553748864680529e-03
   5.0876238383352757e-03   1.0934689780697227e-03   1.8072266830131412e-03
   5.9898779727518559e-03   1.2039982248097658e-03   1.9711267668753862e-03
   5.8786249719560146e-03   1.7190070357173681e-03   2.1530906669795513e-03
   5.2609085105359554e-03   2.1556152496486902e-03   2.3513576015830040e-03
   4.6235886402428150e-03   2.1451211068779230e-03   2.5678784586489201e-03
   3.6018639802932739e-03   1.8304658588021994e-03   2.7848167810589075e-03
   2.2013001143932343e-03   1.7550153424963355e-03   2.9944942798465490e-03
   1.0782274184748530e-03   2.3254419211298227e-03   3.2517828512936831e-03
   2.8626929270103574e-04   3.3444128930568695e-03   3.5462598316371441e-03
  -4.1631117346696556e-04   4.0865838527679443e-03   3.8063377141952515e-03
  -8.8081933790817857e-04   4.0417634882032871e-03   4.0679886005818844e-03
  -1.3747144257649779e-03   3.3036242239177227e-03   4.3049142695963383e-03
  -2.0652648527175188e-03   2.4166817311197519e-03   4.5535671524703503e-03
  -2.0548047032207251e-03   2.0310615655034781e-03   4.8774983733892441e-03
  -1.0479440679773688e-03   2.3542060516774654e-03   5.2472259849309921e-03
  -4.2129846406169236e-04   3.0000410042703152e-03   5.6493156589567661e-03
  -4.1968945879489183e-04   3.3154345583170652e-03   6.0496120713651180e-03
  -3.8602782296948135e-04   2.8380001895129681e-03   6.3865897245705128e-03
  -7.9560274025425315e-04   1.8188903341069818e-03   6.6992780193686485e-03
  -1.2086591450497508e-03   1.0250400518998504e-03   7.0194182917475700e-03
  -5.7230546372011304e-04   1.1428818106651306e-03   7.3260134086012840e-03
   8.2124868640676141e-05   2.2300244309008121e-03   7.6659568585455418e-03
  -1.5889502537902445e-04   3.4094862639904022e-03   8.0133676528930664e-03
  -4.5773843885399401e-04   3.7113600410521030e-03   8.3194775506854057e-03
  -7.4037228478118777e-04   3.2516922801733017e-03   8.6176777258515358e-03
  -1.2036184780299664e-03   2.7931346558034420e-03   8.8473875075578690e-03
  -1.0762284509837627e-03   2.8925305232405663e-03   9.0881250798702240e-03
  -1.8983520567417145e-04   3.3357345964759588e-03   9.3388007953763008e-03
   8.5472024511545897e-04   3.5149680916219950e-03   9.5373988151550293e-03
   1.6794269904494286e-03   3.1570750288665295e-03   9.7046159207820892e-03
   2.3512039333581924e-03   2.4157166481018066e-03   9.8053263500332832e-03
   2.9789428226649761e-03   1.6813658876344562e-03   9.8187830299139023e-03
   2.9119395185261965e-03   1.6012198757380247e-03   9.8505262285470963e-03
   2.1495870314538479e-03   2.5285668671131134e-03   9.9372342228889465e-03
   2.0146826282143593e-03   3.7279513198882341e-03   1.0025399737060070e-02
   2.6634985115379095e-03   4.1457144543528557e-03   1.0124216787517071e-02
   3.1477599404752254e-03   3.5170768387615681e-03   1.0121066123247147e-02
   3.8205301389098167e-03   2.2632360924035311e-03   1.0043229907751083e-02
   5.0679245032370090e-03   9.4880565302446485e-04   9.9333012476563454e-03
   5.5632721632719040e-03   1.1831497249659151e-04   9.7817545756697655e-03
   4.9364669248461723e-03   6.2205806898418814e-05   9.6455588936805725e-03
   4.6405270695686340e-03   7.8290386591106653e-04   9.5204887911677361e-03
   4.4459863565862179e-03   2.1001757122576237e-03   9.3604056164622307e-03
   2.8187208808958530e-03   3.8960685487836599e-03   9.2259589582681656e-03
   6.0727249365299940e-04   6.1741834506392479e-03   9.0956538915634155e-03
  -6.4454571111127734e-04   8.6402613669633865e-03   8.8759511709213257e-03
  -1.4915702631697059e-03   1.0634834878146648e-02   8.6141759529709816e-03
  -2.4088600184768438e-03   1.1496585793793201e-02   8.3526093512773514e-03
  -2.1504380274564028e-03   1.1125545017421246e-02   8.1724785268306732e-03
  -1.4343993825605139e-05   1.0058383457362652e-02   8.0861290916800499e-03
   2.5886970106512308e-03   8.5421251133084297e-03   7.9366685822606087e-03
   4.2206603102385998e-03   6.8539530038833618e-03   7.7617340721189976e-03
   4.5572258532047272e-03   5.5984519422054291e-03   7.5125196017324924e-03
   3.8137037772685289e-03   5.3078029304742813e-03   7.1913772262632847e-03
   2.3623616434633732e-03   6.0004419647157192e-03   6.9365678355097771e-03
   4.5668557868339121e-04   7.1843592450022697e-03   6.8070613779127598e-03
  -3.1056930311024189e-04   8.2324855029582977e-03   6.7808828316628933e-03
   9.0532237663865089e-04   8.6757419630885124e-03   6.8689347244799137e-03
   2.1916080731898546e-03   8.3167944103479385e-03   6.9706602953374386e-03
   2.7636711020022631e-03   7.8198025003075600e-03   6.9960947148501873e-03
   3.0899648554623127e-03   8.3249425515532494e-03   6.9962055422365665e-03
   2.2576891351491213e-03   1.0147863067686558e-02   6.9847209379076958e-03
   2.9395843739621341e-04   1.2565683573484421e-02   7.0929713547229767e-03
  -1.6400400782003999e-03   1.4435873366892338e-02   7.3134354315698147e-03
  -2.3020948283374310e-03   1.5059083700180054e-02   7.5467419810593128e-03
  -1.7603324959054589e-03   1.4457304961979389e-02   7.8056300990283489e-03
  -1.4755795709788799e-03   1.3073464855551720e-02   8.0749783664941788e-03
  -1.2999154860153794e-03   1.1332901194691658e-02   8.2907434552907944e-03
  -6.4739416120573878e-04   9.6144760027527809e-03   8.4499958902597427e-03
  -2.6957297814078629e-04   8.2138935104012489e-03   8.5199018940329552e-03
  -9.4227207591757178e-04   7.2231898084282875e-03   8.5540683940052986e-03
  -2.1806114818900824e-03   6.5874992869794369e-03   8.6147254332900047e-03
  -2.7034275699406862e-03   5.9963599778711796e-03   8.6754634976387024e-03
  -2.7343572583049536e-03   5.0835455767810345e-03   8.7126111611723900e-03
  -3.1656285282224417e-03   4.0200017392635345e-03   8.7839402258396149e-03
  -3.2123445998877287e-03   3.1894671265035868e-03   8.8506555184721947e-03
  -2.5976423639804125e-03   2.8193306643515825e-03   8.9075937867164612e-03
  -2.8472577687352896e-03   3.0524278990924358e-03   8.9363576844334602e-03
  -3.8866139948368073e-03   3.9824610576033592e-03   8.9489715173840523e-03
  -4.0682340040802956e-03   5.4435185156762600e-03   9.0255094692111015e-03
  -4.0101525373756886e-03   6.9732731208205223e-03   9.1611677780747414e-03
  -4.2714527808129787e-03   8.0535728484392166e-03   9.2744417488574982e-03
  -3.5047237761318684e-03   8.6081689223647118e-03   9.4111869111657143e-03
  -1.7346022650599480e-03   8.9193722233176231e-03   9.5709478482604027e-03
  -6.1057438142597675e-04   9.1932965442538261e-03   9.6820089966058731e-03
  -2.5984350941143930e-04   9.4113517552614212e-03   9.7993500530719757e-03
   1.2623063230421394e-04   9.1805048286914825e-03   9.8360041156411171e-03
   2.2742501460015774e-04   8.3250245079398155e-03   9.8218321800231934e-03
  -2.8430737438611686e-04   6.9966162554919720e-03   9.7931437194347382e-03
  -4.3059329618699849e-04   5.6468062102794647e-03   9.7378483042120934e-03
   3.4911808324977756e-04   5.0279069691896439e-03   9.6922926604747772e-03
   9.8165764939039946e-04   5.5388738401234150e-03   9.6510453149676323e-03
   1.0434465948492289e-03   6.6955899819731712e-03   9.5723485574126244e-03
   1.1794418096542358e-03   7.6298261992633343e-03   9.4825383275747299e-03
   1.1517937527969480e-03   7.8364554792642593e-03   9.3502914533019066e-03
   5.4966792231425643e-04   7.6560522429645061e-03   9.1763567179441452e-03
   8.6832274973858148e-05   7.9598855227231979e-03   9.0671060606837273e-03
   5.6763377506285906e-04   9.1660330072045326e-03   9.0107209980487823e-03
   1.7989613115787506e-03   1.0731082409620285e-02   8.9464522898197174e-03
   3.2238150015473366e-03   1.1498137377202511e-02   8.8831456378102303e-03
   4.4699329882860184e-03   1.0528902523219585e-02   8.7216366082429886e-03
   5.1810326986014843e-03   8.1213461235165596e-03   8.4822680801153183e-03
   5.2801314741373062e-03   5.4407981224358082e-03   8.1861168146133423e-03
   4.9277613870799541e-03   3.4829555079340935e-03   7.8233303502202034e-03
   4.9625723622739315e-03   2.6932097971439362e-03   7.5025665573775768e-03
   5.4125101305544376e-03   3.0362221878021955e-03   7.2231870144605637e-03
   5.2593392319977283e-03   4.2123347520828247e-03   6.9065140560269356e-03
   3.9061231072992086e-03   6.2565715052187443e-03   6.5467315725982189e-03
   1.6564861871302128e-03   9.2126987874507904e-03   6.0495920479297638e-03
  -2.3820908972993493e-04   1.2338389642536640e-02   5.4804077371954918e-03
  -1.5403326833620667e-03   1.4449287205934525e-02   4.9469959922134876e-03
  -3.0519326683133841e-03   1.5036375261843204e-02   4.4528725557029247e-03
  -4.3837907724082470e-03   1.4876124449074268e-02   4.1260523721575737e-03
  -4.0395711548626423e-03   1.4468155801296234e-02   3.9377217181026936e-03
  -3.2939396332949400e-03   1.3598047196865082e-02   3.7924854550510645e-03
  -3.5416930913925171e-03   1.2353721074759960e-02   3.6561903543770313e-03
  -2.9596372041851282e-03   1.0938241146504879e-02   3.4876624122262001e-03
  -1.0234975488856435e-03   9.3485023826360703e-03   3.3058929257094860e-03
   6.0390809085220098e-04   7.6806484721601009e-03   3.2161821145564318e-03
   8.9234061306342483e-04   6.3902442343533039e-03   3.2718321308493614e-03
   1.6118340427055955e-03   5.6251985952258110e-03   3.3512981608510017e-03
   3.0422077979892492e-03   5.1260325126349926e-03   3.4146334510296583e-03
   2.1575049031525850e-03   4.5525915920734406e-03   3.4715270157903433e-03
  -4.3961842311546206e-04   3.4641360398381948e-03   3.5402341745793819e-03
  -1.9453880377113819e-03   2.2523775696754456e-03   3.6773276515305042e-03
  -2.7288501150906086e-03   1.9038537284359336e-03   3.8143233396112919e-03
  -3.7688587326556444e-03   2.8533814474940300e-03   3.9677293971180916e-03
  -3.4053523559123278e-03   4.2336201295256615e-03   4.0800906717777252e-03
  -1.5015446115285158e-03   4.7201956622302532e-03   4.1648210026323795e-03
  -6.2553619500249624e-04   4.3810722418129444e-03   4.2656352743506432e-03
  -6.5977365011349320e-04   4.2981733568012714e-03   4.3816547840833664e-03
  -7.4678944656625390e-05   5.1267519593238831e-03   4.5738858170807362e-03
   2.8659249073825777e-04   6.7110713571310043e-03   4.8392605967819691e-03
  -5.3650344489142299e-04   8.1209326162934303e-03   5.1491237245500088e-03
  -4.4983276166021824e-04   8.4822783246636391e-03   5.4869144223630428e-03
   5.5572215933352709e-04   7.9047624021768570e-03   5.8666435070335865e-03
   1.3785423652734607e-04   6.9806533865630627e-03   6.2357722781598568e-03
  -4.7364964848384261e-04   6.2817176803946495e-03   6.6694547422230244e-03
  -7.7465563663281500e-05   5.9027387760579586e-03   7.1711963973939419e-03
  -1.5584434731863439e-04   5.2026608027517796e-03   7.5826323591172695e-03
  -8.2899443805217743e-04   3.7234637420624495e-03   7.9421950504183769e-03
  -8.4874808089807630e-04   1.9806723576039076e-03   8.3016995340585709e-03
  -1.2446359032765031e-03   1.0770880617201328e-03   8.5906581953167915e-03
  -2.7805618010461330e-03   1.5207241522148252e-03   8.9088836684823036e-03
  -4.0249465964734554e-03   2.8275884687900543e-03   9.3406029045581818e-03
  -4.3457713909447193e-03   4.3186964467167854e-03   9.8127964884042740e-03
  -4.4604684226214886e-03   5.4768500849604607e-03   1.0251465253531933e-02
  -4.0712119080126286e-03   6.0196225531399250e-03   1.0639148764312267e-02
  -2.6269762311130762e-03   6.0433680191636086e-03   1.0943935252726078e-02
  -1.8397547537460923e-03   6.0721342451870441e-03   1.1222419328987598e-02
  -1.3736549299210310e-03   6.2695746310055256e-03   1.1497840285301208e-02
   3.3579545561224222e-04   6.4187021926045418e-03   1.1830287985503674e-02
   2.4330273736268282e-03   6.9257500581443310e-03   1.2684086337685585e-02
   4.0056095458567142e-03   6.8206880241632462e-03   1.1602472513914108e-02
   5.4955892264842987e-03   8.1236045807600021e-03   1.2124866247177124e-02
   5.5197053588926792e-03   9.1385850682854652e-03   1.1883012019097805e-02
   5.2629071287810802e-03   9.7087435424327850e-03   1.1514400132000446e-02
   5.0683142617344856e-03   9.3827536329627037e-03   1.1140996590256691e-02
   4.7017871402204037e-03   8.2069467753171921e-03   1.0782019235193729e-02
   4.2099659331142902e-03   6.8686851300299168e-03   1.0358256287872791e-02
   3.4517776221036911e-03   6.2483558431267738e-03   9.9306385964155197e-03
   2.2547009866684675e-03   6.5146195702254772e-03   9.4622690230607986e-03
   4.0014006663113832e-04   7.4517144821584225e-03   9.0265190228819847e-03
  -1.8634179141372442e-03   8.8262706995010376e-03   8.6363963782787323e-03
  -3.7060331087559462e-03   1.0340915992856026e-02   8.2531739026308060e-03
  -4.6600885689258575e-03   1.1729883030056953e-02   7.9101221635937691e-03
  -5.1091243512928486e-03   1.2782160192728043e-02   7.6015666127204895e-03
  -5.5304304696619511e-03   1.3172520324587822e-02   7.2799487970769405e-03
  -5.5283713154494762e-03   1.2873494997620583e-02   7.0107374340295792e-03
  -5.1349997520446777e-03   1.2240101583302021e-02   6.7651402205228806e-03
  -4.9876589328050613e-03   1.1617384850978851e-02   6.5283323638141155e-03
  -4.9022957682609558e-03   1.1109783314168453e-02   6.3503296114504337e-03
  -4.6081356704235077e-03   1.0419434867799282e-02   6.2080365605652332e-03
  -4.5337383635342121e-03   9.3945963308215141e-03   6.0565709136426449e-03
  -4.9542733468115330e-03   8.2567352801561356e-03   5.9342798776924610e-03
  -5.2297255024313927e-03   7.2406409308314323e-03   5.8483951725065708e-03
  -5.4554818198084831e-03   6.6409697756171227e-03   5.8295261114835739e-03
  -6.1432928778231144e-03   6.4324056729674339e-03   5.8506480418145657e-03
  -6.9293309934437275e-03   6.2643368728458881e-03   5.8911321684718132e-03
