   4.2625397443771362e-02   6.0256398282945156e-03  -3.0188101530075073e-01
   4.2920887470245361e-02   6.3111009076237679e-03  -2.9889652132987976e-01
   4.4884368777275085e-02   6.3645592890679836e-03  -2.9927632212638855e-01
   4.7941640019416809e-02   5.2936808206140995e-03  -3.0932337045669556e-01
   5.1182530820369720e-02   3.3391832839697599e-03  -3.2120880484580994e-01
   5.4426614195108414e-02   1.6013699350878596e-03  -3.3577576279640198e-01
   5.7978354394435883e-02   7.4317876715213060e-04  -3.5750883817672729e-01
   6.1409704387187958e-02   4.5954814413562417e-04  -3.7741458415985107e-01
   6.3604980707168579e-02   1.1371450964361429e-03  -3.9182513952255249e-01
   6.6156126558780670e-02   1.9439751049503684e-03  -4.0357178449630737e-01
   6.7016810178756714e-02   7.2226423071697354e-04  -4.1137614846229553e-01
   6.5300695598125458e-02  -9.7999931313097477e-04  -4.1027432680130005e-01
   6.0672782361507416e-02  -2.2729907650500536e-03  -3.9689418673515320e-01
   5.4307419806718826e-02  -3.9921924471855164e-03  -3.6446595191955566e-01
   4.7856424003839493e-02  -4.8423241823911667e-03  -3.2090044021606445e-01
   4.2173448950052261e-02  -4.9597993493080139e-03  -2.8514170646667480e-01
   3.8092363625764847e-02  -4.9304803833365440e-03  -2.5776693224906921e-01
   3.4772809594869614e-02  -4.5204656198620796e-03  -2.4227415025234222e-01
   3.2955117523670197e-02  -3.7448799703270197e-03  -2.4169793725013733e-01
   3.1553946435451508e-02  -3.3171267714351416e-03  -2.5170773267745972e-01
   3.1218567863106728e-02  -3.7153232842683792e-03  -2.6537558436393738e-01
   3.1153265386819839e-02  -4.7746598720550537e-03  -2.8197422623634338e-01
   3.1598519533872604e-02  -5.8754747733473778e-03  -2.9842755198478699e-01
   3.1555585563182831e-02  -6.5864399075508118e-03  -3.0933976173400879e-01
   3.0149158090353012e-02  -6.1521735042333603e-03  -3.0541092157363892e-01
   2.8154004365205765e-02  -5.6972871534526348e-03  -2.8714093565940857e-01
   2.6629393920302391e-02  -6.0708131641149521e-03  -2.7152907848358154e-01
   2.5575153529644012e-02  -5.7072388008236885e-03  -2.6484298706054688e-01
   2.3812687024474144e-02  -4.1796024888753891e-03  -2.6076498627662659e-01
   2.1709118038415909e-02  -2.3169447667896748e-03  -2.5173097848892212e-01
   2.0997880026698112e-02  -1.7148174811154604e-03  -2.4472929537296295e-01
   2.3098802193999290e-02  -1.5554222045466304e-03  -2.4681140482425690e-01
   2.5209575891494751e-02  -1.3757338747382164e-03  -2.5600177049636841e-01
   2.5962060317397118e-02  -1.1729854159057140e-03  -2.6336935162544250e-01
   2.6304179802536964e-02  -6.1125057982280850e-04  -2.6228892803192139e-01
   2.6915678754448891e-02  -5.5731902830302715e-04  -2.5441652536392212e-01
   2.6979500427842140e-02   1.0538251081015915e-04  -2.4851527810096741e-01
   2.5894986465573311e-02   1.4415975892916322e-03  -2.4699474871158600e-01
   2.4225173518061638e-02   2.6167689356952906e-03  -2.4081812798976898e-01
   2.3035878315567970e-02   2.3952515330165625e-03  -2.3836530745029449e-01
   2.2996261715888977e-02   9.8180968780070543e-04  -2.5034087896347046e-01
   2.3284683004021645e-02   7.7884196070954204e-04  -2.7260407805442810e-01
   2.3893943056464195e-02   1.6398401930928230e-03  -2.9720407724380493e-01
   2.4774370715022087e-02   2.5774405803531408e-03  -3.1169286370277405e-01
   2.4659398943185806e-02   2.6364210061728954e-03  -3.1493902206420898e-01
   2.4012587964534760e-02   1.2102484470233321e-03  -3.1271278858184814e-01
   2.3145703598856926e-02  -9.1249501565471292e-05  -3.0579751729965210e-01
   2.1489730104804039e-02  -1.3262844731798396e-05  -2.9628607630729675e-01
   1.9366575405001640e-02  -4.9614731688052416e-04  -2.8705194592475891e-01
   1.6803048551082611e-02  -1.9210004247725010e-03  -2.7457085251808167e-01
   1.3137516565620899e-02  -2.5494545698165894e-03  -2.5300553441047668e-01
   9.5608253031969070e-03  -2.6822958607226610e-03  -2.2556193172931671e-01
   7.0488452911376953e-03  -2.8956083115190268e-03  -2.0250032842159271e-01
   6.4505478367209435e-03  -2.6099975220859051e-03  -1.9130513072013855e-01
   6.0704560019075871e-03  -2.1764747798442841e-03  -1.9118243455886841e-01
   5.5330083705484867e-03  -1.8672636942937970e-03  -1.9471168518066406e-01
   5.0936480984091759e-03  -1.5274762408807874e-03  -1.9967113435268402e-01
   4.6123950742185116e-03  -1.4479191740974784e-03  -2.0932081341743469e-01
   5.0619277171790600e-03  -1.5233427984640002e-03  -2.2261804342269897e-01
   5.5498750880360603e-03  -2.1416272502392530e-03  -2.3198714852333069e-01
   5.4338104091584682e-03  -2.8068297542631626e-03  -2.2716090083122253e-01
   5.0115506164729595e-03  -2.6275813579559326e-03  -2.1924112737178802e-01
   5.7992227375507355e-03  -1.6610670136287808e-03  -2.1906001865863800e-01
   6.6960901021957397e-03  -6.6972308559343219e-04  -2.2431170940399170e-01
   7.6780896633863449e-03  -8.4562058327719569e-04  -2.3894244432449341e-01
   9.0123442932963371e-03  -1.4821765944361687e-03  -2.6510754227638245e-01
   9.5955161377787590e-03  -2.0362408831715584e-03  -2.8616422414779663e-01
   8.9689958840608597e-03  -2.6757814921438694e-03  -2.9001185297966003e-01
   8.1170834600925446e-03  -3.2800305634737015e-03  -2.8589597344398499e-01
   8.3308117464184761e-03  -3.2911410089582205e-03  -2.7883514761924744e-01
   8.5680903866887093e-03  -2.0779639016836882e-03  -2.6896792650222778e-01
   8.0786654725670815e-03  -2.9760357574559748e-04  -2.6082378625869751e-01
   6.3205300830304623e-03   9.1099453857168555e-04  -2.5172117352485657e-01
   2.9757344163954258e-03   1.3864079955965281e-03  -2.3444424569606781e-01
  -8.2296575419604778e-04   1.6642354894429445e-03  -2.0983852446079254e-01
  -2.5816012639552355e-03   1.7251183744519949e-03  -1.8049684166908264e-01
  -3.3964430913329124e-03   1.2182703940197825e-03  -1.5593320131301880e-01
  -4.0137572214007378e-03   1.0847016237676144e-03  -1.4464776217937469e-01
  -5.5801919661462307e-03   1.9610088784247637e-03  -1.4513847231864929e-01
  -7.1460562758147717e-03   3.7612132728099823e-03  -1.4590212702751160e-01
  -7.3204063810408115e-03   5.2766692824661732e-03  -1.4334711432456970e-01
  -7.5476719066500664e-03   5.5597973987460136e-03  -1.4471493661403656e-01
  -6.4449962228536606e-03   5.1824967376887798e-03  -1.5203487873077393e-01
  -4.8540122807025909e-03   4.6883230097591877e-03  -1.7057117819786072e-01
  -3.3565168268978596e-03   4.7166370786726475e-03  -1.9731165468692780e-01
  -2.5059652980417013e-03   3.6479891277849674e-03  -2.2800929844379425e-01
  -1.2773728230968118e-03   2.2622032556682825e-03  -2.5759711861610413e-01
   5.8969587553292513e-04   1.6525716055184603e-03  -2.7622559666633606e-01
   1.4215236296877265e-03   6.3198496354743838e-04  -2.8139311075210571e-01
   1.0576058411970735e-03  -6.7565432982519269e-04  -2.7275264263153076e-01
  -1.6514526214450598e-04  -2.0617602858692408e-03  -2.5935828685760498e-01
  -6.6907220752909780e-04  -3.0406888108700514e-03  -2.4871531128883362e-01
  -3.2118859235197306e-04  -3.7208246067166328e-03  -2.3768335580825806e-01
  -1.4319658512249589e-03  -3.0311471782624722e-03  -2.2413176298141479e-01
  -2.4558701552450657e-03  -3.3126594498753548e-03  -2.1403986215591431e-01
  -2.1078402642160654e-03  -4.5596738345921040e-03  -2.0765645802021027e-01
  -2.9354069847613573e-03  -4.6357801184058189e-03  -1.9735084474086761e-01
  -4.2263725772500038e-03  -5.4779602214694023e-03  -1.8888968229293823e-01
  -4.1159978136420250e-03  -5.7678101584315300e-03  -1.8643683195114136e-01
  -3.7279061507433653e-03  -5.0102099776268005e-03  -1.8861019611358643e-01
  -3.3473046496510506e-03  -5.1890881732106209e-03  -1.9556762278079987e-01
  -3.1930052209645510e-03  -5.7555870153009892e-03  -2.0211684703826904e-01
  -3.4379642456769943e-03  -6.2915040180087090e-03  -2.1117329597473145e-01
  -2.9346568044275045e-03  -7.2315046563744545e-03  -2.2088997066020966e-01
  -2.4127853102982044e-03  -8.0698831006884575e-03  -2.2472779452800751e-01
  -1.9748546183109283e-03  -8.4335943683981895e-03  -2.2571764886379242e-01
  -1.9934657029807568e-03  -8.2545736804604530e-03  -2.2618691623210907e-01
  -2.5567661505192518e-03  -9.4424365088343620e-03  -2.2399224340915680e-01
  -3.0003408901393414e-03  -1.1253423988819122e-02  -2.1404395997524261e-01
  -2.8977089095860720e-03  -1.3231435790657997e-02  -1.9807823002338409e-01
  -3.3945348113775253e-03  -1.4453966170549393e-02  -1.8304426968097687e-01
  -3.8099235389381647e-03  -1.4291911385953426e-02  -1.6756439208984375e-01
  -4.8970086500048637e-03  -1.5003133565187454e-02  -1.5340042114257813e-01
  -6.8087289109826088e-03  -1.7076272517442703e-02  -1.4939524233341217e-01
  -6.2381746247410774e-03  -1.6040069982409477e-02  -1.2920697033405304e-01
  -6.0244170017540455e-03  -1.6799578443169594e-02  -1.3911156356334686e-01
  -5.5625825189054012e-03  -1.6196228563785553e-02  -1.5200325846672058e-01
  -5.8535202406346798e-03  -1.4163544401526451e-02  -1.7101341485977173e-01
  -5.9915697202086449e-03  -1.1777085252106190e-02  -1.8805582821369171e-01
  -6.9016669876873493e-03  -1.0160855017602444e-02  -1.9985750317573547e-01
  -8.4117762744426727e-03  -8.5260318592190742e-03  -1.9984176754951477e-01
  -9.5570711418986320e-03  -7.6655773445963860e-03  -1.9091121852397919e-01
  -1.0466374456882477e-02  -6.6718342714011669e-03  -1.8353891372680664e-01
  -1.1160614900290966e-02  -5.1455218344926834e-03  -1.8069657683372498e-01
  -1.0975094512104988e-02  -3.4615690819919109e-03  -1.8893355131149292e-01
  -1.0093645192682743e-02  -3.9308419218286872e-05  -2.0704407989978790e-01
  -1.0958467610180378e-02   4.6010510995984077e-03  -2.1840527653694153e-01
  -1.1731514707207680e-02   6.7277862690389156e-03  -2.2299753129482269e-01
  -8.2252165302634239e-03   6.5913377329707146e-03  -2.3643709719181061e-01
  -4.6271886676549911e-03   6.6418386995792389e-03  -2.5747889280319214e-01
  -3.2437772024422884e-03   8.0968299880623817e-03  -2.7469572424888611e-01
  -4.1520367376506329e-03   1.0209150612354279e-02  -2.8109154105186462e-01
  -5.9606330469250679e-03   1.1140849441289902e-02  -2.7068862318992615e-01
  -7.6315253973007202e-03   1.2177635915577412e-02  -2.5072708725929260e-01
  -1.0105867870151997e-02   1.3159641064703465e-02  -2.3037190735340118e-01
  -1.1425670236349106e-02   1.3821442611515522e-02  -2.1382427215576172e-01
  -1.1125447228550911e-02   1.4437714591622353e-02  -2.0685638487339020e-01
  -1.0401104576885700e-02   1.4720260165631771e-02  -2.0698653161525726e-01
  -1.0632541030645370e-02   1.5597442165017128e-02  -2.1012847125530243e-01
  -1.1301874183118343e-02   1.6538953408598900e-02  -2.1476846933364868e-01
  -1.2196284718811512e-02   1.5454080887138844e-02  -2.2174945473670959e-01
  -1.1930093169212341e-02   1.3852025382220745e-02  -2.2597339749336243e-01
  -1.1730905622243881e-02   1.2792642228305340e-02  -2.2905771434307098e-01
  -1.1836097575724125e-02   1.2068727053701878e-02  -2.3187951743602753e-01
  -1.2664488516747952e-02   1.0580934584140778e-02  -2.2978630661964417e-01
  -1.3891456648707390e-02   9.3890158459544182e-03  -2.1624107658863068e-01
  -1.4494076371192932e-02   9.4587597995996475e-03  -1.9636943936347961e-01
  -1.4311186969280243e-02   8.5448147729039192e-03  -1.8248189985752106e-01
  -1.3727465644478798e-02   7.0722727105021477e-03  -1.7483219504356384e-01
  -1.3836694881320000e-02   5.8630020357668400e-03  -1.7435379326343536e-01
  -1.3603094965219498e-02   4.4624032452702522e-03  -1.8656313419342041e-01
  -1.2993388809263706e-02   2.2716415114700794e-03  -2.0777279138565063e-01
  -1.1764693073928356e-02   2.4095147091429681e-04  -2.2528821229934692e-01
  -1.0670988820493221e-02  -7.9429958714172244e-04  -2.3930782079696655e-01
  -9.4057694077491760e-03  -1.9004259957000613e-03  -2.4680441617965698e-01
  -8.2859564572572708e-03  -3.0396794900298119e-03  -2.4916213750839233e-01
  -7.5920918025076389e-03  -3.6388169974088669e-03  -2.5060981512069702e-01
  -6.5308148041367531e-03  -3.4762725699692965e-03  -2.5083738565444946e-01
  -4.7409245744347572e-03  -3.4577497281134129e-03  -2.5811722874641418e-01
  -5.1749050617218018e-03  -5.0610713660717010e-03  -2.6423633098602295e-01
  -8.2862190902233124e-03  -5.5887438356876373e-03  -2.5234407186508179e-01
  -1.0377396829426289e-02  -5.5822622962296009e-03  -2.3003402352333069e-01
  -1.1102697812020779e-02  -5.7818521745502949e-03  -2.1192322671413422e-01
  -1.1202682740986347e-02  -4.9469769001007080e-03  -1.9246885180473328e-01
  -1.2272750958800316e-02  -5.2222153171896935e-03  -1.6510179638862610e-01
  -1.3279896229505539e-02  -6.4098387956619263e-03  -1.4149983227252960e-01
  -1.3969141989946365e-02  -7.5660813599824905e-03  -1.3300786912441254e-01
  -1.4676664024591446e-02  -8.5961660370230675e-03  -1.3743446767330170e-01
  -1.5870889648795128e-02  -8.6695514619350433e-03  -1.4195843040943146e-01
  -1.7291316762566566e-02  -7.9005882143974304e-03  -1.4245767891407013e-01
  -1.8258439376950264e-02  -7.3677934706211090e-03  -1.4136373996734619e-01
  -1.8088083714246750e-02  -6.7330780439078808e-03  -1.4013773202896118e-01
  -1.7239062115550041e-02  -6.6080116666853428e-03  -1.4222064614295959e-01
  -1.6419295221567154e-02  -6.2948307022452354e-03  -1.4763870835304260e-01
  -1.5751432627439499e-02  -5.8013293892145157e-03  -1.6644942760467529e-01
  -1.2924653477966785e-02  -4.9919397570192814e-03  -1.6964158415794373e-01
  -1.1538358405232430e-02  -4.6357819810509682e-03  -2.0940406620502472e-01
  -9.8215974867343903e-03  -4.7532250173389912e-03  -2.4372754991054535e-01
  -8.4637273102998734e-03  -5.5040051229298115e-03  -2.6622673869132996e-01
  -6.5242135897278786e-03  -6.7967912182211876e-03  -2.7174273133277893e-01
  -4.9999519251286983e-03  -7.2959400713443756e-03  -2.7217260003089905e-01
  -4.2280131019651890e-03  -6.3084475696086884e-03  -2.7785304188728333e-01
  -4.3110707774758339e-03  -4.7880425117909908e-03  -2.8783684968948364e-01
  -5.1042046397924423e-03  -5.1295408047735691e-03  -2.9502394795417786e-01
  -5.5597471073269844e-03  -6.8354899995028973e-03  -2.9131162166595459e-01
  -6.5292548388242722e-03  -7.5086937285959721e-03  -2.6838812232017517e-01
  -9.1492040082812309e-03  -8.3892317488789558e-03  -2.2849500179290771e-01
  -1.2807060964405537e-02  -9.3356091529130936e-03  -1.8435923755168915e-01
  -1.5460303053259850e-02  -9.2600574716925621e-03  -1.4566969871520996e-01
  -1.6533700749278069e-02  -8.4916837513446808e-03  -1.1756563186645508e-01
  -1.6439160332083702e-02  -7.8102182596921921e-03  -9.2538475990295410e-02
  -1.6322549432516098e-02  -7.7031464315950871e-03  -7.1075275540351868e-02
  -1.6296669840812683e-02  -7.4393483810126781e-03  -6.7163527011871338e-02
  -1.5935443341732025e-02  -7.1219909004867077e-03  -8.3770126104354858e-02
  -1.5251497738063335e-02  -6.8205017596483231e-03  -1.2026952207088470e-01
  -1.4835408888757229e-02  -6.5298643894493580e-03  -1.5924009680747986e-01
  -1.4885068871080875e-02  -6.6535510122776031e-03  -1.8158043920993805e-01
  -1.4023294672369957e-02  -5.6307325139641762e-03  -1.9600667059421539e-01
  -1.2796945869922638e-02  -4.8684542998671532e-03  -2.0608584582805634e-01
  -1.2334014289081097e-02  -3.8071430753916502e-03  -2.0376689732074738e-01
  -1.3473778031766415e-02  -2.3232360836118460e-03  -1.9241888821125031e-01
  -1.4247588813304901e-02  -1.1453204788267612e-03  -1.8288761377334595e-01
  -1.4509458094835281e-02  -4.4472495210357010e-04  -1.7701378464698792e-01
  -1.4223778620362282e-02  -4.5903801219537854e-04  -1.7200714349746704e-01
  -1.3446161523461342e-02  -4.5605743071064353e-04  -1.7036697268486023e-01
  -1.3331662863492966e-02  -4.7647813335061073e-04  -1.7148922383785248e-01
  -1.3425378128886223e-02   4.1988966404460371e-04  -1.7258125543594360e-01
  -1.3874063268303871e-02   1.6143147367984056e-03  -1.7242337763309479e-01
  -1.3771091587841511e-02   2.6232583913952112e-03  -1.6856281459331512e-01
  -1.3431699015200138e-02   2.9720347374677658e-03  -1.6608463227748871e-01
  -1.3386388309299946e-02   2.8050690889358521e-03  -1.6928648948669434e-01
  -1.3575568795204163e-02   2.6525065768510103e-03  -1.7114736139774323e-01
  -1.3638503849506378e-02   3.2285454217344522e-03  -1.7427995800971985e-01
  -1.3053481467068195e-02   4.3697413057088852e-03  -1.9224123656749725e-01
  -1.0094215162098408e-02   3.7274584174156189e-03  -1.8638512492179871e-01
  -9.5134517177939415e-03   3.1383102759718895e-03  -2.0738591253757477e-01
  -9.9411560222506523e-03   2.6239575818181038e-03  -2.1360860764980316e-01
  -9.6900798380374908e-03   2.6241703890264034e-03  -2.2519439458847046e-01
  -8.3686066791415215e-03   2.8711031191051006e-03  -2.4145156145095825e-01
  -6.6875237971544266e-03   3.0894319061189890e-03  -2.5291049480438232e-01
  -5.7459771633148193e-03   3.2877121120691299e-03  -2.5431391596794128e-01
  -5.6194202043116093e-03   3.6320157814770937e-03  -2.5001239776611328e-01
  -6.7365085706114769e-03   3.7309271283447742e-03  -2.4453513324260712e-01
  -8.9871212840080261e-03   3.7229338195174932e-03  -2.3094297945499420e-01
  -1.0948467999696732e-02   3.4283422864973545e-03  -2.0703724026679993e-01
  -1.2278902344405651e-02   2.7754828333854675e-03  -1.8370601534843445e-01
  -1.2466918677091599e-02   1.9448411185294390e-03  -1.6931068897247314e-01
  -1.2697082944214344e-02   1.0805208003148437e-03  -1.6370499134063721e-01
  -1.2285803444683552e-02   9.0127246221527457e-04  -1.6360239684581757e-01
  -1.2003093026578426e-02   6.5142911626026034e-04  -1.6613353788852692e-01
  -1.1717269197106361e-02   3.0873031937517226e-04  -1.7002141475677490e-01
  -1.1083037592470646e-02  -4.0988755063153803e-04  -1.7756310105323792e-01
  -1.0374976322054863e-02  -1.9675602670758963e-03  -1.8529413640499115e-01
  -9.4078490510582924e-03  -3.4796074032783508e-03  -1.9393618404865265e-01
  -8.8182138279080391e-03  -4.5609939843416214e-03  -2.0513240993022919e-01
  -8.5143484175205231e-03  -5.0495783798396587e-03  -2.1153518557548523e-01
  -9.1180875897407532e-03  -5.3267576731741428e-03  -2.0990334451198578e-01
  -1.0091183707118034e-02  -6.0082781128585339e-03  -1.9821678102016449e-01
  -1.0823861695826054e-02  -6.6382475197315216e-03  -1.8155290186405182e-01
  -1.1191479861736298e-02  -6.8029030226171017e-03  -1.6407740116119385e-01
  -1.1248802766203880e-02  -6.3340421766042709e-03  -1.5637944638729095e-01
  -1.1591669172048569e-02  -5.9415046125650406e-03  -1.6271001100540161e-01
  -1.1684746481478214e-02  -6.3507161103188992e-03  -1.7110362648963928e-01
  -1.1419368907809258e-02  -6.3300123438239098e-03  -1.7648246884346008e-01
  -1.0345184244215488e-02  -6.6750207915902138e-03  -1.7803411185741425e-01
  -9.2820525169372559e-03  -7.1580586954951286e-03  -1.7861190438270569e-01
  -8.6624696850776672e-03  -7.2904266417026520e-03  -1.8095818161964417e-01
  -8.5082771256566048e-03  -6.9963843561708927e-03  -1.8526558578014374e-01
  -8.9411856606602669e-03  -4.9886181950569153e-03  -1.8411126732826233e-01
  -8.7785245850682259e-03  -3.3666188828647137e-03  -1.7291657626628876e-01
  -8.2197552546858788e-03  -2.9309559613466263e-03  -1.6996335983276367e-01
  -7.2066891007125378e-03  -2.2677835077047348e-03  -1.7859752476215363e-01
  -7.6580555178225040e-03  -1.7818405758589506e-03  -1.8400661647319794e-01
  -8.8250450789928436e-03  -1.2592088896781206e-03  -1.8239916861057281e-01
  -9.3351136893033981e-03  -3.5840651253238320e-04  -1.7487628757953644e-01
  -9.3625839799642563e-03   1.9154472101945430e-04  -1.6260033845901489e-01
  -8.0904178321361542e-03  -5.7222212490160018e-05  -1.5555748343467712e-01
  -7.0337820798158646e-03  -1.5853386139497161e-04  -1.6612520813941956e-01
  -6.2659257091581821e-03   3.1974425655789673e-04  -1.8956971168518066e-01
  -5.3351693786680698e-03   9.0167258167639375e-04  -2.1531008183956146e-01
  -3.2881821971386671e-03   1.0406923247501254e-03  -2.3570352792739868e-01
  -1.4484693529084325e-03   2.5703487335704267e-04  -2.4537082016468048e-01
  -6.6434481414034963e-04  -1.1653795372694731e-03  -2.4681884050369263e-01
  -1.6249470354523510e-04  -2.3496719077229500e-03  -2.4964763224124908e-01
  -4.2939172999467701e-05  -2.7814840432256460e-03  -2.5298532843589783e-01
   3.6811860627494752e-04  -2.2580523509532213e-03  -2.4909849464893341e-01
   9.7666314104571939e-05  -1.6177308280020952e-03  -2.3691999912261963e-01
  -1.3965482357889414e-03  -1.7329502152279019e-03  -2.1803966164588928e-01
  -3.9892522618174553e-03  -1.4830067520961165e-03  -1.9732786715030670e-01
  -6.7435638047754765e-03  -5.2683043759316206e-04  -1.7528265714645386e-01
  -9.0003814548254013e-03   8.0526195233687758e-04  -1.5060590207576752e-01
  -1.0426707565784454e-02   1.3531689764931798e-03  -1.2580069899559021e-01
  -1.1054361239075661e-02   1.5066817868500948e-03  -1.0684500634670258e-01
  -1.1324716731905937e-02   1.5434216475114226e-03  -1.0399988293647766e-01
  -1.2251929379999638e-02   1.6862030606716871e-03  -1.2012573331594467e-01
  -1.1110175400972366e-02   3.2274806872010231e-03  -1.2248246371746063e-01
  -1.0886456817388535e-02   5.0331735983490944e-03  -1.4353549480438232e-01
  -1.0495141148567200e-02   5.2940300665795803e-03  -1.5296353399753571e-01
  -1.0128322057425976e-02   5.1345671527087688e-03  -1.5742138028144836e-01
  -9.6914293244481087e-03   4.6254480257630348e-03  -1.6387505829334259e-01
  -8.4798997268080711e-03   4.2536421678960323e-03  -1.7507581412792206e-01
  -7.0361527614295483e-03   3.9190668612718582e-03  -1.9052311778068542e-01
  -5.9061017818748951e-03   4.0117367170751095e-03  -2.0499649643898010e-01
  -5.4458668455481529e-03   3.9346576668322086e-03  -2.1592761576175690e-01
  -5.5259000509977341e-03   2.4517837446182966e-03  -2.2184528410434723e-01
  -5.4784500971436501e-03   9.8534044809639454e-04  -2.1989066898822784e-01
  -5.8379871770739555e-03  -2.7453864458948374e-04  -2.1409422159194946e-01
  -4.8300656490027905e-03  -7.4449076782912016e-04  -2.1335943043231964e-01
  -3.1208465807139874e-03  -5.1832071039825678e-04  -2.2033724188804626e-01
  -2.4771990720182657e-03   1.3577898789662868e-04  -2.2595335543155670e-01
  -2.7305132243782282e-03   8.3918927703052759e-04  -2.2940309345722198e-01
  -3.0529920477420092e-03   1.6353013052139431e-04  -2.2989763319492340e-01
  -3.6553705576807261e-03  -8.5761316586285830e-04  -2.2661948204040527e-01
  -4.0883831679821014e-03  -1.5620737103745341e-03  -2.1794885396957397e-01
  -4.0705427527427673e-03  -1.7397738993167877e-03  -2.0832571387290955e-01
  -4.8650493845343590e-03  -2.0892161410301924e-03  -2.0180399715900421e-01
  -5.7730632834136486e-03  -2.6395635213702917e-03  -1.9375750422477722e-01
  -6.2911636196076870e-03  -3.4744420554488897e-03  -1.8787376582622528e-01
  -6.1839809641242027e-03  -4.6520633623003960e-03  -1.8531928956508636e-01
  -5.7366751134395599e-03  -5.2229855209589005e-03  -1.8675729632377625e-01
  -4.7634621150791645e-03  -5.3305500186979771e-03  -1.9323536753654480e-01
  -3.2267281785607338e-03  -5.6343865580856800e-03  -2.0545482635498047e-01
  -1.5956929419189692e-03  -6.4873648807406425e-03  -2.1869850158691406e-01
  -8.2540640141814947e-04  -6.7644217051565647e-03  -2.2858487069606781e-01
  -1.0787424398586154e-03  -6.3433186151087284e-03  -2.2961251437664032e-01
  -2.2168816067278385e-03  -5.8505847118794918e-03  -2.2151464223861694e-01
  -3.1836158595979214e-03  -5.2044675685465336e-03  -2.1262054145336151e-01
  -3.6814964842051268e-03  -5.0737117417156696e-03  -2.0330870151519775e-01
  -4.5421235263347626e-03  -5.0927312113344669e-03  -1.9435599446296692e-01
  -5.1925959996879101e-03  -5.1731271669268608e-03  -1.8646343052387238e-01
  -5.6718927808105946e-03  -5.3669898770749569e-03  -1.8108905851840973e-01
  -6.1098122969269753e-03  -5.3750653751194477e-03  -1.7959657311439514e-01
  -6.6408691927790642e-03  -5.4183760657906532e-03  -1.7900295555591583e-01
  -6.5596550703048706e-03  -4.8459270037710667e-03  -1.7941486835479736e-01
  -5.8070379309356213e-03  -4.3941847980022430e-03  -1.8477846682071686e-01
  -4.9836919642984867e-03  -4.4651962816715240e-03  -1.9433926045894623e-01
  -4.7493698075413704e-03  -4.7108805738389492e-03  -2.0315580070018768e-01
  -4.2941696010529995e-03  -5.6778197176754475e-03  -2.0987206697463989e-01
  -3.3614092972129583e-03  -6.8147387355566025e-03  -2.1720902621746063e-01
  -2.6107451412826777e-03  -7.3319301009178162e-03  -2.2281295061111450e-01
  -2.0434234756976366e-03  -6.6484967246651649e-03  -2.2755049169063568e-01
  -1.8807962769642472e-03  -6.1751557514071465e-03  -2.3034581542015076e-01
  -2.2782976739108562e-03  -6.2791192904114723e-03  -2.2666463255882263e-01
  -3.0388748273253441e-03  -5.7802898809313774e-03  -2.1802079677581787e-01
  -4.0175118483603001e-03  -5.4613780230283737e-03  -2.0856148004531860e-01
  -4.5901271514594555e-03  -5.4226098582148552e-03  -2.0221684873104095e-01
  -4.7529470175504684e-03  -5.3872559219598770e-03  -2.0121589303016663e-01
  -4.2576999403536320e-03  -5.3740562871098518e-03  -2.0435918867588043e-01
  -3.4909213427454233e-03  -6.0686538927257061e-03  -2.0995639264583588e-01
  -2.8088102117180824e-03  -6.8159694783389568e-03  -2.1603576838970184e-01
  -1.8556301947683096e-03  -6.9253542460501194e-03  -2.2282411158084869e-01
  -1.9077012548223138e-03  -6.4365598373115063e-03  -2.2761176526546478e-01
  -2.7696879114955664e-03  -4.7675995156168938e-03  -2.2819077968597412e-01
  -2.9082314576953650e-03  -3.6229689139872789e-03  -2.2998629510402679e-01
  -2.9243931639939547e-03  -3.2697801943868399e-03  -2.2521352767944336e-01
  -4.0225679986178875e-03  -3.4770583733916283e-03  -2.1890550851821899e-01
  -5.3266338072717190e-03  -3.7923054769635201e-03  -1.8360185623168945e-01
  -7.1298661641776562e-03  -3.3261049538850784e-03  -1.8849456310272217e-01
  -7.7403658069670200e-03  -1.9941739737987518e-03  -1.8922522664070129e-01
  -7.5451233424246311e-03  -1.4817257178947330e-03  -1.9258196651935577e-01
  -6.7215980961918831e-03  -1.0164015693590045e-03  -1.9583769142627716e-01
  -5.7613933458924294e-03   3.9478298276662827e-05  -2.0228609442710876e-01
  -4.0758098475635052e-03   7.6365028508007526e-04  -2.1941080689430237e-01
  -2.2695942316204309e-03   4.0960963815450668e-04  -2.4079141020774841e-01
  -1.3505577808246017e-03  -6.1995931901037693e-05  -2.5496575236320496e-01
  -1.6488286200910807e-03  -8.0954981967806816e-04  -2.6210653781890869e-01
  -1.4741098275408149e-03  -1.5980416210368276e-03  -2.5966429710388184e-01
  -1.5255415346473455e-03  -2.3759540636092424e-03  -2.4750046432018280e-01
  -3.1362096779048443e-03  -2.7578102890402079e-03  -2.2768843173980713e-01
  -5.3861797787249088e-03  -2.5894267018884420e-03  -2.0448480546474457e-01
  -7.3914374224841595e-03  -2.7916859835386276e-03  -1.8711036443710327e-01
  -8.6899278685450554e-03  -3.0883632134646177e-03  -1.7731016874313354e-01
  -8.7196370586752892e-03  -3.7015357520431280e-03  -1.7291945219039917e-01
  -8.3293616771697998e-03  -3.9451117627322674e-03  -1.7367134988307953e-01
  -8.7137511000037193e-03  -3.3147640060633421e-03  -1.8117873370647430e-01
  -6.4778998494148254e-03  -2.1599929314106703e-03  -2.0385172963142395e-01
   4.1208206675946712e-04  -1.9807023927569389e-03  -2.4905039370059967e-01
   1.0915570892393589e-02  -3.5348769742995501e-03  -3.2326942682266235e-01
   2.3103011772036552e-02  -4.5529576018452644e-03  -4.0957757830619812e-01
   3.0727829784154892e-02  -2.4548249784857035e-03  -4.6656978130340576e-01
   3.2227128744125366e-02   1.5584634384140372e-03  -4.7629773616790771e-01
   3.0972447246313095e-02   3.5155778750777245e-03  -4.5114845037460327e-01
   2.8780275955796242e-02   3.4834484104067087e-03  -4.1434535384178162e-01
   2.3616189137101173e-02   1.2099249288439751e-03  -3.7785294651985168e-01
   1.8051300197839737e-02  -1.3958829222247005e-03  -3.4794923663139343e-01
   1.4519005082547665e-02  -2.0270275417715311e-03  -3.3232119679450989e-01
   1.1129982769489288e-02  -2.2660745307803154e-03  -3.2208800315856934e-01
   6.8188025616109371e-03  -2.8782282024621964e-03  -3.0057328939437866e-01
   4.3362504802644253e-03  -4.1559245437383652e-03  -2.6627245545387268e-01
   3.7578647024929523e-03  -5.8877840638160706e-03  -2.3169985413551331e-01
   4.7546386485919356e-04  -7.0083877071738243e-03  -2.0482037961483002e-01
  -5.1901875995099545e-03  -6.7913574166595936e-03  -1.8376548588275909e-01
  -9.4228014349937439e-03  -6.3857301138341427e-03  -1.6326540708541870e-01
  -1.0131684131920338e-02  -5.5872309021651745e-03  -1.4553211629390717e-01
  -9.2737544327974319e-03  -5.1184799522161484e-03  -1.4503706991672516e-01
  -6.7671537399291992e-03  -3.5980823449790478e-03  -1.3544923067092896e-01
  -6.4185117371380329e-03  -3.2016434706747532e-03  -1.6253954172134399e-01
  -6.6205007024109364e-03  -4.4377008453011513e-03  -1.8820999562740326e-01
  -5.9701786376535892e-03  -5.2932407706975937e-03  -2.1221017837524414e-01
  -5.6162592954933643e-03  -6.0728550888597965e-03  -2.2484515607357025e-01
  -8.6326254531741142e-03  -6.3003171235322952e-03  -1.9639642536640167e-01
  -1.1868118308484554e-02  -5.3186188451945782e-03  -1.3488709926605225e-01
  -1.3689895160496235e-02  -5.7312399148941040e-03  -8.4711514413356781e-02
  -1.4237774536013603e-02  -5.8068786747753620e-03  -5.5140871554613113e-02
  -1.5791285783052444e-02  -3.6944744642823935e-03  -5.3148165345191956e-02
  -1.6647661104798317e-02  -1.2315030908212066e-03  -7.4870288372039795e-02
  -1.6570912674069405e-02  -1.3511574070435017e-04  -9.1629572212696075e-02
  -1.8313826993107796e-02  -1.1030762107111514e-04  -9.9589101970195770e-02
  -1.9625881686806679e-02  -1.8835646333172917e-03  -9.9552430212497711e-02
  -1.9898723810911179e-02  -3.1675789505243301e-03  -1.0180975496768951e-01
  -1.6358809545636177e-02  -1.6581977251917124e-03  -1.2529017031192780e-01
  -1.0672184638679028e-02   9.5520494505763054e-04  -1.7597188055515289e-01
  -5.4528731852769852e-03   4.1203852742910385e-03  -2.3753213882446289e-01
  -1.7625895561650395e-03   6.5466668456792831e-03  -2.9482606053352356e-01
  -9.8149059340357780e-04   7.5674606487154961e-03  -3.2635581493377686e-01
  -1.4743884094059467e-03   5.4868827573955059e-03  -3.1717655062675476e-01
  -2.4069671053439379e-03   2.9707972425967455e-03  -2.8492200374603271e-01
  -1.9524168455973268e-03   2.4748097639530897e-03  -2.4969416856765747e-01
  -2.5545223616063595e-03   2.1659531630575657e-03  -2.2960349917411804e-01
  -4.0168622508645058e-03   2.1928248461335897e-03  -2.2574631869792938e-01
  -3.7905666977167130e-03   2.9303994961082935e-03  -2.2802478075027466e-01
  -2.2912151180207729e-03   4.4296518899500370e-03  -2.3201195895671844e-01
   9.9761178717017174e-04   5.8157136663794518e-03  -2.2938793897628784e-01
   5.5200159549713135e-03   6.6176829859614372e-03  -2.3862214386463165e-01
   9.6828760579228401e-03   8.6228819563984871e-03  -2.7226883172988892e-01
   1.1490444652736187e-02   9.7128422930836678e-03  -3.1059208512306213e-01
   8.8856481015682220e-03   9.2271324247121811e-03  -3.2830080389976501e-01
   4.8401798121631145e-03   8.1409355625510216e-03  -3.1557095050811768e-01
   4.8171522212214768e-04   5.9493295848369598e-03  -2.9050701856613159e-01
  -3.8152621127665043e-03   4.3304348364472389e-03  -2.5679102540016174e-01
  -1.0647467337548733e-02   5.0459965132176876e-03  -2.0840199291706085e-01
  -1.8103729933500290e-02   6.4020818099379539e-03  -1.4209251105785370e-01
  -2.1935811266303062e-02   7.1519273333251476e-03  -7.5829632580280304e-02
  -2.2760808467864990e-02   7.9077640548348427e-03  -2.8067445382475853e-02
  -2.0421866327524185e-02   8.4170941263437271e-03  -1.9923748914152384e-03
  -1.9400747492909431e-02   8.5042966529726982e-03  -1.0202082805335522e-02
  -1.9435936585068703e-02   8.8876346126198769e-03  -4.8940792679786682e-02
  -1.8430670723319054e-02   1.0965082794427872e-02  -1.1362321674823761e-01
  -1.5361958183348179e-02   1.2815774418413639e-02  -1.8596485257148743e-01
  -1.1025640182197094e-02   1.2386102229356766e-02  -2.4352197349071503e-01
  -6.7619071342051029e-03   1.0680139996111393e-02  -2.8562095761299133e-01
  -2.2441565524786711e-03   9.2201028019189835e-03  -3.0885994434356689e-01
   5.5907270871102810e-04   8.0737126991152763e-03  -3.1457850337028503e-01
   1.8619764596223831e-03   7.4737411923706532e-03  -3.0241975188255310e-01
   1.2782172998413444e-03   7.7834716066718102e-03  -2.8199639916419983e-01
  -7.9425342846661806e-04   7.7517093159258366e-03  -2.6770347356796265e-01
  -3.4150816500186920e-03   7.2950772009789944e-03  -2.5199684500694275e-01
  -6.7759561352431774e-03   8.0563323572278023e-03  -2.2712057828903198e-01
  -8.5021872073411942e-03   7.4971192516386509e-03  -2.0522755384445190e-01
  -9.1677848249673843e-03   4.6788449399173260e-03  -1.9226892292499542e-01
  -1.1406260542571545e-02   1.8586984369903803e-03  -1.7756570875644684e-01
  -1.4797265641391277e-02   2.1937402198091149e-04  -1.5764239430427551e-01
  -1.6501659527420998e-02  -7.7715283259749413e-04  -1.4285670220851898e-01
  -1.7552452161908150e-02  -2.2925201337784529e-03  -1.3690076768398285e-01
  -1.8207522109150887e-02  -3.8823476061224937e-03  -1.2804335355758667e-01
  -1.7291376367211342e-02  -4.7957045026123524e-03  -1.3209576904773712e-01
  -1.6523499041795731e-02  -4.7580548562109470e-03  -1.5971419215202332e-01
  -1.5738604590296745e-02  -5.0085363909602165e-03  -1.9098351895809174e-01
  -1.3713751919567585e-02  -6.7641618661582470e-03  -2.2248570621013641e-01
  -1.1356737464666367e-02  -8.5547985509037971e-03  -2.4872469902038574e-01
  -9.7459387034177780e-03  -9.4013223424553871e-03  -2.5599056482315063e-01
  -1.0482698678970337e-02  -8.8646980002522469e-03  -2.4740222096443176e-01
  -1.2805411592125893e-02  -8.2698948681354523e-03  -2.3433519899845123e-01
  -1.3651037588715553e-02  -9.0437335893511772e-03  -2.1710520982742310e-01
  -1.3683549128472805e-02  -8.6979493498802185e-03  -1.9452437758445740e-01
  -1.3342866674065590e-02  -8.3342008292675018e-03  -1.7875315248966217e-01
  -1.3632107526063919e-02  -9.7060659900307655e-03  -1.6954915225505829e-01
  -1.5098461881279945e-02  -1.1068526655435562e-02  -1.5665750205516815e-01
  -1.5772478654980659e-02  -1.1121850460767746e-02  -1.4261308312416077e-01
  -1.5325387008488178e-02  -1.1506645008921623e-02  -1.3165983557701111e-01
  -1.5268629416823387e-02  -1.2683168984949589e-02  -1.2301040440797806e-01
  -1.5127638354897499e-02  -1.2668158859014511e-02  -1.2438102066516876e-01
  -1.4586382545530796e-02  -1.2847049161791801e-02  -1.3900427520275116e-01
  -1.4399565756320953e-02  -1.3416306115686893e-02  -1.5739886462688446e-01
  -1.3954934664070606e-02  -1.2770819477736950e-02  -1.7377163469791412e-01
  -1.2983293272554874e-02  -1.2227449566125870e-02  -1.8634942173957825e-01
  -1.1907696723937988e-02  -1.1300374753773212e-02  -1.9619528949260712e-01
  -1.1409308761358261e-02  -9.7974650561809540e-03  -2.0277385413646698e-01
  -1.0868966579437256e-02  -8.5246544331312180e-03  -2.0678545534610748e-01
  -1.0498212650418282e-02  -8.4641277790069580e-03  -2.0668563246726990e-01
  -1.0171730071306229e-02  -8.6658177897334099e-03  -2.0251819491386414e-01
  -9.4729438424110413e-03  -8.2993879914283752e-03  -2.0377050340175629e-01
  -8.9519042521715164e-03  -7.2709843516349792e-03  -2.0993761718273163e-01
  -1.0006870143115520e-02  -5.4601090960204601e-03  -2.0591233670711517e-01
  -1.2325895950198174e-02  -5.3075728937983513e-03  -1.8929800391197205e-01
  -1.4715637080371380e-02  -5.8632805012166500e-03  -1.7236928641796112e-01
  -1.6353251412510872e-02  -5.9560965746641159e-03  -1.5209086239337921e-01
  -1.7206544056534767e-02  -6.1108213849365711e-03  -1.3107572495937347e-01
  -1.7913065850734711e-02  -5.8545516803860664e-03  -1.2628303468227386e-01
  -1.8575360998511314e-02  -5.1131593063473701e-03  -1.3421081006526947e-01
  -1.8965303897857666e-02  -3.4096366725862026e-03  -1.4199100434780121e-01
  -1.9342318177223206e-02  -1.0494332527741790e-03  -1.4245997369289398e-01
  -1.8300002440810204e-02   5.3269724594429135e-04  -1.4301578700542450e-01
  -1.6019798815250397e-02   1.6908997204154730e-03  -1.5648868680000305e-01
  -1.4475374482572079e-02   1.9409533124417067e-03  -1.8141716718673706e-01
  -1.3415005989372730e-02   1.5278903301805258e-03  -2.0882211625576019e-01
  -1.2830897234380245e-02   1.3592060422524810e-03  -2.3977121710777283e-01
  -1.1375377885997295e-02   2.2318931296467781e-03  -2.6251670718193054e-01
  -1.0327903553843498e-02   4.0186913684010506e-03  -2.6406347751617432e-01
  -9.7935749217867851e-03   5.7065375149250031e-03  -2.5264939665794373e-01
  -8.6735626682639122e-03   7.5185978785157204e-03  -2.3938362300395966e-01
  -8.9382203295826912e-03   8.7008485570549965e-03  -2.3075242340564728e-01
  -1.0940626263618469e-02   8.3099231123924255e-03  -2.2148936986923218e-01
  -1.2965984642505646e-02   7.4711232446134090e-03  -2.0516410470008850e-01
  -1.4076923020184040e-02   7.9438295215368271e-03  -1.7907194793224335e-01
  -1.4593388885259628e-02   8.7501602247357368e-03  -1.5266053378582001e-01
  -1.5320570208132267e-02   8.9832721278071404e-03  -1.3833197951316833e-01
  -1.6402192413806915e-02   9.6901748329401016e-03  -1.3722223043441772e-01
  -1.7592921853065491e-02   1.1647588573396206e-02  -1.4214152097702026e-01
  -1.8752614036202431e-02   1.2815067544579506e-02  -1.4270448684692383e-01
  -1.9895220175385475e-02   1.2177631258964539e-02  -1.3714595139026642e-01
  -2.0451439544558525e-02   1.0463459417223930e-02  -1.3013449311256409e-01
  -2.0106239244341850e-02   8.2541331648826599e-03  -1.2675262987613678e-01
  -1.9087333232164383e-02   8.1454068422317505e-03  -1.3005436956882477e-01
  -1.7911326140165329e-02   8.6092185229063034e-03  -1.3908827304840088e-01
  -1.7298646271228790e-02   7.7549759298563004e-03  -1.5588742494583130e-01
  -1.6828030347824097e-02   7.3340591043233871e-03  -1.7557732760906219e-01
  -1.6680851578712463e-02   7.1581057272851467e-03  -1.9061619043350220e-01
  -1.5352237969636917e-02   6.6578458063304424e-03  -1.9726873934268951e-01
  -1.3414536602795124e-02   5.7412344031035900e-03  -1.9498549401760101e-01
  -1.1644130572676659e-02   4.6948897652328014e-03  -1.9004538655281067e-01
  -1.1072873137891293e-02   4.2904457077383995e-03  -1.8931075930595398e-01
  -1.0713531635701656e-02   4.7031352296471596e-03  -1.9561621546745300e-01
  -1.0068136267364025e-02   4.8634172417223454e-03  -2.0859315991401672e-01
  -9.1016693040728569e-03   2.4883877485990524e-03  -2.1935480833053589e-01
  -7.8756818547844887e-03   1.2311233149375767e-04  -2.2303090989589691e-01
  -7.3959156870841980e-03   2.2905349032953382e-04  -2.2101873159408569e-01
  -8.2502653822302818e-03   2.4941292940638959e-04  -2.1230261027812958e-01
  -1.0002653114497662e-02  -5.7858199579641223e-04  -1.9935892522335052e-01
  -1.1308003216981888e-02  -1.3676843373104930e-03  -1.8316580355167389e-01
  -1.2174628674983978e-02  -2.2982568480074406e-03  -1.6884884238243103e-01
  -1.3127075508236885e-02  -3.7947942037135363e-03  -1.5797530114650726e-01
  -1.4925271272659302e-02  -5.3033139556646347e-03  -1.4851652085781097e-01
  -1.4411388896405697e-02  -5.6927911937236786e-03  -1.4872905611991882e-01
  -1.2007050216197968e-02  -5.3391354158520699e-03  -1.6300378739833832e-01
  -1.0208418592810631e-02  -4.5919697731733322e-03  -1.7874169349670410e-01
  -1.0296081192791462e-02  -3.8934003096073866e-03  -1.8897715210914612e-01
  -1.1655014008283615e-02  -4.5669698156416416e-03  -1.9066064059734344e-01
  -1.2105870991945267e-02  -5.5292048491537571e-03  -1.8334430456161499e-01
  -1.2428848072886467e-02  -4.9458518624305725e-03  -1.7353445291519165e-01
  -1.3357801362872124e-02  -4.9225022085011005e-03  -1.5870238840579987e-01
  -1.4212039299309254e-02  -5.6491852737963200e-03  -1.4673964679241180e-01
  -1.5550543554127216e-02  -3.4911010880023241e-03  -1.4711441099643707e-01
  -1.6382593661546707e-02  -1.4279731549322605e-03  -1.5250958502292633e-01
  -1.6976948827505112e-02  -8.7787752272561193e-04  -1.6151633858680725e-01
  -1.6532741487026215e-02  -2.0075365900993347e-03  -1.6326956450939178e-01
  -1.5391916036605835e-02  -3.7893869448453188e-03  -1.5348413586616516e-01
  -1.4224691316485405e-02  -3.7997816689312458e-03  -1.4236481487751007e-01
  -1.3660051859915257e-02  -3.3701278734952211e-03  -1.3729825615882874e-01
  -1.3696482405066490e-02  -2.4134647101163864e-03  -1.3777463138103485e-01
  -1.3500289060175419e-02  -2.3280302993953228e-03  -1.3779652118682861e-01
  -1.3897498138248920e-02  -2.8373782988637686e-03  -1.3067835569381714e-01
  -1.4335511252284050e-02  -2.1792224142700434e-03  -1.1781713366508484e-01
  -1.4778616838157177e-02  -1.1316980235278606e-03  -1.2221771478652954e-01
  -1.3757221400737762e-02  -9.9816382862627506e-04  -1.5443086624145508e-01
  -1.0893302969634533e-02  -5.0561211537569761e-04  -2.0064865052700043e-01
  -6.7560863681137562e-03   9.4138260465115309e-04  -2.4100074172019958e-01
  -3.4050219692289829e-03   1.2608000542968512e-03  -2.6883429288864136e-01
  -1.3322676531970501e-03   1.7748246318660676e-04  -2.8472608327865601e-01
   2.4058777489699423e-04  -1.1117389658465981e-03  -2.9409316182136536e-01
   1.9573094323277473e-03  -2.0671766251325607e-03  -2.9931321740150452e-01
   2.4969375226646662e-03  -2.4728607386350632e-03  -2.9182940721511841e-01
   7.7722285641357303e-04  -2.2575692273676395e-03  -2.7162721753120422e-01
  -2.3089526221156120e-03  -2.7485415339469910e-03  -2.4143624305725098e-01
  -5.4508643224835396e-03  -3.3834006171673536e-03  -2.0261718332767487e-01
  -7.7663869597017765e-03  -3.4832181409001350e-03  -1.6290868818759918e-01
  -1.0439721867442131e-02  -3.8721016608178616e-03  -1.3156349956989288e-01
  -1.1933650821447372e-02  -4.2136539705097675e-03  -1.1764325201511383e-01
  -1.1727310717105865e-02  -4.7695832327008247e-03  -1.2074002623558044e-01
  -1.1161324568092823e-02  -5.5637820623815060e-03  -1.3224855065345764e-01
  -1.0655232705175877e-02  -5.9623629786074162e-03  -1.4972692728042603e-01
  -9.8643247038125992e-03  -6.2903766520321369e-03  -1.6997200250625610e-01
  -8.4353834390640259e-03  -6.8904832005500793e-03  -1.8867048621177673e-01
  -6.6319350153207779e-03  -7.5189271010458469e-03  -2.0543232560157776e-01
  -5.2223252132534981e-03  -7.4164355173707008e-03  -2.1961706876754761e-01
  -3.1456311699002981e-03  -5.3001069463789463e-03  -2.3525080084800720e-01
  -1.1958366958424449e-03  -3.2636839896440506e-03  -2.5272154808044434e-01
  -8.7237049592658877e-04  -3.2673841342329979e-03  -2.6149249076843262e-01
  -6.9251924287527800e-05  -3.3466606400907040e-03  -2.6575344800949097e-01
   6.9178495323285460e-04  -3.4073044080287218e-03  -2.6850622892379761e-01
  -1.2885116739198565e-03  -4.3383655138313770e-03  -2.5019538402557373e-01
  -6.1492100358009338e-03  -5.6545822881162167e-03  -2.1222989261150360e-01
  -1.0521944612264633e-02  -6.4591611735522747e-03  -1.7604735493659973e-01
  -1.2033616192638874e-02  -7.0303254760801792e-03  -1.5351730585098267e-01
  -1.1186102405190468e-02  -7.4068489484488964e-03  -1.5040341019630432e-01
  -9.4835022464394569e-03  -6.8889101967215538e-03  -1.6184674203395844e-01
  -8.5658421739935875e-03  -7.0043499581515789e-03  -1.7552581429481506e-01
  -8.7518496438860893e-03  -7.4655069038271904e-03  -1.8980139493942261e-01
  -8.8344085961580276e-03  -7.2177313268184662e-03  -2.0564492046833038e-01
  -9.0616801753640175e-03  -6.7987935617566109e-03  -2.1164757013320923e-01
  -9.2615354806184769e-03  -5.7524223811924458e-03  -2.0419988036155701e-01
  -9.4201918691396713e-03  -5.0721322186291218e-03  -1.9290196895599365e-01
  -9.8987501114606857e-03  -5.1098512485623360e-03  -1.8762217462062836e-01
  -1.0706004686653614e-02  -4.6502570621669292e-03  -1.8477103114128113e-01
  -1.1576066724956036e-02  -3.5381254274398088e-03  -1.8127641081809998e-01
  -1.1803903616964817e-02  -1.7015448538586497e-03  -1.8244361877441406e-01
  -1.1587304994463921e-02  -1.2397895334288478e-03  -1.8306876718997955e-01
  -1.1160736903548241e-02  -1.8651349237188697e-03  -1.8156723678112030e-01
  -1.0385681875050068e-02  -1.9826001953333616e-03  -1.8535810708999634e-01
  -9.1206878423690796e-03  -1.7970030894502997e-03  -1.9398239254951477e-01
  -8.3855213597416878e-03  -1.4241172466427088e-03  -2.0780204236507416e-01
  -8.0082528293132782e-03  -1.1108537437394261e-03  -2.2128957509994507e-01
  -7.9228654503822327e-03  -1.2321828398853540e-03  -2.2475636005401611e-01
  -7.7654216438531876e-03  -1.7397338524460793e-03  -2.2304821014404297e-01
  -6.8400632590055466e-03  -1.1648765066638589e-03  -2.2786100208759308e-01
  -5.0357021391391754e-03  -5.1779538625851274e-04  -2.3899975419044495e-01
  -4.5709274709224701e-03  -7.7357462942018174e-06  -2.4895675480365753e-01
  -6.6971136257052422e-03   3.3722899388521910e-04  -2.4597407877445221e-01
  -1.0402862913906574e-02   8.7565870489925146e-04  -2.2564259171485901e-01
  -1.3211638666689396e-02   2.2986265830695629e-03  -1.9298838078975677e-01
  -1.4015073888003826e-02   2.8347754850983620e-03  -1.5799652040004730e-01
  -1.3765543699264526e-02   2.5389248039573431e-03  -1.3232515752315521e-01
  -1.3609620742499828e-02   2.2925001103430986e-03  -1.2365148216485977e-01
  -1.4002370648086071e-02   2.4448451586067677e-03  -1.3332100212574005e-01
  -1.4104727655649185e-02   2.6680936571210623e-03  -1.5237328410148621e-01
  -1.3450112193822861e-02   2.1120104938745499e-03  -1.7364631593227386e-01
  -1.1387810111045837e-02   1.7613818636164069e-03  -1.8962405622005463e-01
  -9.3045560643076897e-03   1.4768681721761823e-03  -2.0308944582939148e-01
  -7.2491122409701347e-03   1.3867830857634544e-03  -2.1698307991027832e-01
  -6.0833860188722610e-03   2.0851739682257175e-03  -2.3120701313018799e-01
  -5.5876388214528561e-03   1.6264560399577022e-03  -2.4118633568286896e-01
  -4.8385006375610828e-03   7.6452590292319655e-04  -2.4938270449638367e-01
  -1.8608273239806294e-03  -3.4880830207839608e-04  -2.6654270291328430e-01
   4.2946427129209042e-05  -2.5977620389312506e-03  -2.9351645708084106e-01
   1.1360082862665877e-04  -3.5935759078711271e-03  -3.1360486149787903e-01
  -1.1675083078444004e-03  -3.7580046337097883e-03  -3.1743511557579041e-01
  -2.8425632044672966e-03  -3.9114863611757755e-03  -3.0269220471382141e-01
  -3.4355218522250652e-03  -3.9142589084804058e-03  -2.7007406949996948e-01
  -4.3263020925223827e-03  -4.0287156589329243e-03  -2.3574262857437134e-01
  -5.5012167431414127e-03  -4.4580292887985706e-03  -2.0583075284957886e-01
  -8.5666514933109283e-03  -5.1018558442592621e-03  -1.8667986989021301e-01
  -1.1031866073608398e-02  -5.6071183644235134e-03  -1.7831069231033325e-01
  -1.1851873248815536e-02  -6.6515496000647545e-03  -1.7649801075458527e-01
  -1.0913412086665630e-02  -8.3986343815922737e-03  -1.7337150871753693e-01
  -9.8934620618820190e-03  -9.6588516607880592e-03  -1.7027670145034790e-01
  -9.0849827975034714e-03  -1.0675956495106220e-02  -1.7445063591003418e-01
  -8.6742918938398361e-03  -1.1042010970413685e-02  -1.8645544350147247e-01
  -9.3875005841255188e-03  -1.0145902633666992e-02  -1.9867783784866333e-01
  -9.5997462049126625e-03  -9.4819013029336929e-03  -2.0317891240119934e-01
  -9.7321514040231705e-03  -8.5022477433085442e-03  -2.0445832610130310e-01
  -9.2101758345961571e-03  -7.2756782174110413e-03  -2.0792925357818604e-01
  -8.2729728892445564e-03  -6.3677704893052578e-03  -2.1688690781593323e-01
  -7.9554682597517967e-03  -5.7705487124621868e-03  -2.2801996767520905e-01
  -8.2089481875300407e-03  -4.6455124393105507e-03  -2.3394313454627991e-01
  -8.7909884750843048e-03  -3.5297498106956482e-03  -2.3152413964271545e-01
  -9.0420404449105263e-03  -2.4325731210410595e-03  -2.2078353166580200e-01
  -1.0035790503025055e-02  -1.8789732130244374e-03  -2.0726729929447174e-01
  -1.0764913633465767e-02  -1.7997407121583819e-03  -1.9591145217418671e-01
  -1.1213516816496849e-02  -1.9191651372238994e-03  -1.9041495025157928e-01
  -1.1021682992577553e-02  -1.7042526742443442e-03  -1.8889099359512329e-01
  -1.0264348238706589e-02  -1.0839041788130999e-03  -1.9317114353179932e-01
  -9.7007639706134796e-03   6.2160488596418872e-06  -2.0531539618968964e-01
  -9.0052206069231033e-03   1.6138029750436544e-03  -2.1585486829280853e-01
  -8.5301315411925316e-03   2.3287402000278234e-03  -2.2411003708839417e-01
  -7.9474030062556267e-03   2.7003844734281301e-03  -2.3070517182350159e-01
  -7.5776753947138786e-03   2.9296397697180510e-03  -2.3470170795917511e-01
  -7.2285174392163754e-03   3.1497888267040253e-03  -2.3502413928508759e-01
  -7.0330118760466576e-03   3.0242104548960924e-03  -2.3269210755825043e-01
  -7.0145842619240284e-03   2.6801568455994129e-03  -2.2910636663436890e-01
  -6.8575111217796803e-03   2.7011253405362368e-03  -2.2605434060096741e-01
  -6.5537733025848866e-03   2.7592219412326813e-03  -2.2937849164009094e-01
  -6.1800628900527954e-03   2.9510778840631247e-03  -2.3744010925292969e-01
  -5.7578450068831444e-03   2.9551959596574306e-03  -2.4637737870216370e-01
  -5.8808578178286552e-03   1.6267870087176561e-03  -2.5028970837593079e-01
  -6.2853652052581310e-03   4.4899320346303284e-04  -2.4599610269069672e-01
  -6.2084970995783806e-03   4.9153959844261408e-04  -2.3861028254032135e-01
  -6.1440733261406422e-03   2.3319183674175292e-04  -2.3080386221408844e-01
  -6.3546975143253803e-03   2.1475196990650147e-04  -2.2469410300254822e-01
  -7.0586367510259151e-03   6.4134568674489856e-04  -2.1648010611534119e-01
  -7.8452685847878456e-03   1.0568291181698442e-03  -2.0816008746623993e-01
  -8.2707935944199562e-03   9.8091084510087967e-04  -2.0254778861999512e-01
  -8.6020622402429581e-03   4.6129006659612060e-04  -1.9741731882095337e-01
  -8.8113071396946907e-03  -5.7260529138147831e-04  -1.9267246127128601e-01
  -8.9713186025619507e-03  -1.8898613052442670e-03  -1.9149734079837799e-01
  -8.8879512622952461e-03  -2.3029868025332689e-03  -1.9236147403717041e-01
  -8.6056198924779892e-03  -2.5655301287770271e-03  -1.9108693301677704e-01
  -8.2388576120138168e-03  -2.3051088210195303e-03  -1.9079454243183136e-01
  -7.8494958579540253e-03  -1.7886568093672395e-03  -1.9245709478855133e-01
  -7.6387715525925159e-03  -1.4372600708156824e-03  -1.9610363245010376e-01
  -7.5699752196669579e-03  -1.6183088300749660e-03  -2.0108236372470856e-01
  -7.1039255708456039e-03  -1.7063721315935254e-03  -2.0705920457839966e-01
  -6.3462425023317337e-03  -1.8381896661594510e-03  -2.1286171674728394e-01
  -5.5430382490158081e-03  -2.2338193375617266e-03  -2.1647149324417114e-01
  -5.1716673187911510e-03  -2.4853439535945654e-03  -2.1703830361366272e-01
  -5.6677046231925488e-03  -2.7443317230790854e-03  -2.1633160114288330e-01
  -6.7519471049308777e-03  -2.6673623360693455e-03  -2.1232903003692627e-01
  -7.9941060394048691e-03  -2.8501434717327356e-03  -2.0143841207027435e-01
  -8.7018571794033051e-03  -3.0548209324479103e-03  -1.8558923900127411e-01
  -9.1873537749052048e-03  -2.9686260968446732e-03  -1.7173629999160767e-01
  -9.1663524508476257e-03  -2.3762439377605915e-03  -1.6801136732101440e-01
  -8.8129080832004547e-03  -1.8066326156258583e-03  -1.7500494420528412e-01
  -8.9209964498877525e-03  -1.3853185810148716e-03  -1.8319827318191528e-01
  -9.0252393856644630e-03  -1.1019643861800432e-03  -1.8822605907917023e-01
  -9.6385730430483818e-03  -1.0298847919330001e-03  -1.9197078049182892e-01
  -9.6783805638551712e-03  -1.9740350544452667e-03  -1.9243559241294861e-01
  -8.0903638154268265e-03  -2.5252117775380611e-03  -1.9047906994819641e-01
  -7.0388973690569401e-03  -2.2242898121476173e-03  -1.9220137596130371e-01
  -5.8813374489545822e-03  -2.2148527204990387e-03  -1.9897384941577911e-01
  -5.0456863828003407e-03  -2.1587733644992113e-03  -2.0834349095821381e-01
  -4.8064189031720161e-03  -2.5036926381289959e-03  -2.1778006851673126e-01
  -4.3624625541269779e-03  -3.1457610893994570e-03  -2.2553284466266632e-01
  -3.5466600675135851e-03  -4.3645882979035378e-03  -2.2973012924194336e-01
  -2.8903214260935783e-03  -4.9184467643499374e-03  -2.2811071574687958e-01
  -2.5646504946053028e-03  -5.3180470131337643e-03  -2.2450010478496552e-01
  -2.5557433255016804e-03  -5.9551997110247612e-03  -2.2300927340984344e-01
  -3.3584542106837034e-03  -6.3377167098224163e-03  -2.2021077573299408e-01
  -4.2971582151949406e-03  -6.8377712741494179e-03  -2.1320870518684387e-01
  -5.2363583818078041e-03  -7.0688063278794289e-03  -2.0435452461242676e-01
  -5.6173224002122879e-03  -6.5879388712346554e-03  -1.9499309360980988e-01
  -5.8474363759160042e-03  -6.1601041816174984e-03  -1.9090700149536133e-01
  -7.1346503682434559e-03  -5.4544112645089626e-03  -1.8531438708305359e-01
  -9.5195574685931206e-03  -4.4599287211894989e-03  -1.6938005387783051e-01
  -1.0866497643291950e-02  -4.5393053442239761e-03  -1.5148387849330902e-01
  -1.1181368492543697e-02  -4.7700437717139721e-03  -1.3739734888076782e-01
  -1.0868085548281670e-02  -3.9901970885694027e-03  -1.3023483753204346e-01
  -9.4390586018562317e-03  -2.8595395851880312e-03  -1.3669763505458832e-01
  -7.7538681216537952e-03  -2.5339173153042793e-03  -1.5769711136817932e-01
  -6.5378160215914249e-03  -2.5440817698836327e-03  -1.8462623655796051e-01
  -4.9895276315510273e-03  -1.5344569692388177e-03  -2.0647111535072327e-01
  -3.6182212643325329e-03  -1.3102802768116817e-05  -2.2167386114597321e-01
  -3.2795176375657320e-03  -6.3376163598150015e-04  -2.2537094354629517e-01
  -4.1929404251277447e-03  -1.5853067161515355e-03  -2.2290045022964478e-01
  -4.1793328709900379e-03  -1.7743348143994808e-03  -2.2333215177059174e-01
  -3.6755595356225967e-03  -2.3061225656419992e-03  -2.2354273498058319e-01
  -4.1554039344191551e-03  -1.9169201841577888e-03  -2.1773222088813782e-01
  -6.6660260781645775e-03  -1.1798215564340353e-03  -2.0071384310722351e-01
  -8.7703559547662735e-03  -1.6250454355031252e-03  -1.7884121835231781e-01
  -8.1987539306282997e-03  -2.7237827889621258e-03  -1.6009756922721863e-01
  -7.8987181186676025e-03  -4.3333582580089569e-03  -1.5068732202053070e-01
  -7.6027973555028439e-03  -5.7217823341488838e-03  -1.5505404770374298e-01
  -6.9618937559425831e-03  -5.3648613393306732e-03  -1.6952846944332123e-01
  -6.2716528773307800e-03  -4.6038394793868065e-03  -1.8321672081947327e-01
  -4.6182856895029545e-03  -4.6536303125321865e-03  -1.9142253696918488e-01
  -3.0440369155257940e-03  -4.9205059185624123e-03  -2.0038253068923950e-01
  -1.8657344626262784e-03  -4.6561206690967083e-03  -2.1215589344501495e-01
  -1.2747436994686723e-03  -3.9207548834383488e-03  -2.2079069912433624e-01
  -1.0376896243542433e-03  -2.7772034518420696e-03  -2.2273428738117218e-01
  -2.0344817312434316e-04  -2.2274556104093790e-03  -2.2276647388935089e-01
   7.4300490086898208e-04  -2.3704227060079575e-03  -2.2355480492115021e-01
   1.8323828699067235e-03  -3.0128541402518749e-03  -2.2343569993972778e-01
   2.3396627511829138e-03  -3.9690919220447540e-03  -2.3011249303817749e-01
   2.0239574369043112e-03  -2.7691379655152559e-03  -2.3848411440849304e-01
   1.5412329230457544e-03  -9.9699210841208696e-04  -2.3871210217475891e-01
   9.0662448201328516e-04   2.1534008556045592e-04  -2.2496657073497772e-01
   2.4516522898920812e-05   1.8798367818817496e-03  -2.0245644450187683e-01
  -1.3726655161008239e-03   1.9086109241470695e-03  -1.8467697501182556e-01
  -3.0561718158423901e-03  -5.6723342277109623e-04  -1.7144905030727386e-01
  -4.1797929443418980e-03  -1.9732855726033449e-03  -1.6369214653968811e-01
  -4.2058983817696571e-03  -1.9275505328550935e-03  -1.6217721998691559e-01
  -3.5336273722350597e-03  -1.6264166915789247e-03  -1.6210830211639404e-01
  -2.8753199148923159e-03  -1.1222432367503643e-03  -1.6068100929260254e-01
  -2.4765559937804937e-03  -7.7751855133101344e-04  -1.5719744563102722e-01
  -2.8573793824762106e-03  -3.9246430969797075e-04  -1.4877802133560181e-01
  -3.1144784297794104e-03  -3.8345923530869186e-04  -1.3550741970539093e-01
  -3.3944316674023867e-03  -9.0380175970494747e-04  -1.2637418508529663e-01
  -3.1226740684360266e-03  -1.4427669811993837e-03  -1.2408907711505890e-01
  -2.5798219721764326e-03  -1.2854334199801087e-03  -1.2570548057556152e-01
  -1.9515940221026540e-03  -4.7776609426364303e-04  -1.2573781609535217e-01
  -1.2720408849418163e-03   3.1002957257442176e-05  -1.2977977097034454e-01
  -4.0296852239407599e-04  -1.5964526683092117e-03  -1.4410559833049774e-01
   2.3533959756605327e-04  -2.9209195636212826e-03  -1.6120252013206482e-01
   6.9639727007597685e-04  -3.6603682674467564e-03  -1.7898562550544739e-01
   2.4277956690639257e-03  -6.0347830876708031e-03  -2.0255827903747559e-01
   5.6896507740020752e-03  -7.1011180989444256e-03  -2.3272106051445007e-01
   8.8218813762068748e-03  -6.4809680916368961e-03  -2.6041957736015320e-01
   1.1259024962782860e-02  -7.1090259589254856e-03  -2.7876827120780945e-01
   1.3314062729477882e-02  -7.4676657095551491e-03  -2.8931018710136414e-01
   1.4938440173864365e-02  -7.2526540607213974e-03  -2.9261547327041626e-01
   1.6764825209975243e-02  -8.3521883934736252e-03  -2.8978872299194336e-01
   2.0155981183052063e-02  -9.9472831934690475e-03  -2.9178044199943542e-01
   2.3565387353301048e-02  -1.2161725200712681e-02  -2.9756584763526917e-01
   2.4327885359525681e-02  -1.2030707672238350e-02  -2.9987686872482300e-01
   2.0760651677846909e-02  -1.0375407524406910e-02  -2.9110118746757507e-01
   1.4015936292707920e-02  -1.0073983110487461e-02  -2.5928190350532532e-01
   7.9187257215380669e-03  -8.8381925597786903e-03  -2.0961345732212067e-01
   4.4360319152474403e-03  -7.4802688322961330e-03  -1.6665077209472656e-01
   3.7194387987256050e-03  -6.3576330430805683e-03  -1.4111131429672241e-01
   3.5830205306410789e-03  -5.4436875507235527e-03  -1.3011732697486877e-01
   3.2585589215159416e-03  -5.7169175706803799e-03  -1.3836780190467834e-01
   2.5787460617721081e-03  -6.4921639859676361e-03  -1.6566945612430573e-01
   3.8003311492502689e-03  -5.5587748065590858e-03  -2.0112687349319458e-01
   7.6163033954799175e-03  -4.6394700184464455e-03  -2.3915475606918335e-01
   1.0791298002004623e-02  -4.2918771505355835e-03  -2.7230376005172729e-01
   1.2819064781069756e-02  -2.9562551062554121e-03  -2.8777962923049927e-01
   1.3137498870491982e-02  -1.3685479061678052e-03  -2.9551398754119873e-01
   1.3412276282906532e-02  -6.9124443689361215e-04  -3.0432680249214172e-01
   1.3593089766800404e-02  -4.9091019900515676e-04  -3.0544823408126831e-01
   1.1934101581573486e-02   1.0695121454773471e-04  -2.8457069396972656e-01
   9.2074228450655937e-03   1.6128736024256796e-04  -2.5006628036499023e-01
   6.5084830857813358e-03   5.3313700482249260e-04  -2.2454188764095306e-01
   4.4322740286588669e-03   3.4564721863716841e-04  -2.0834627747535706e-01
   3.6177414003759623e-03   1.5373450005427003e-03  -2.0331694185733795e-01
   3.9179665036499500e-03   3.9897370152175426e-03  -2.0890377461910248e-01
   3.6158475559204817e-03   5.2901012822985649e-03  -2.1279850602149963e-01
   3.9120698347687721e-03   6.1976336874067783e-03  -2.1046091616153717e-01
   5.3293812088668346e-03   4.7189467586576939e-03  -2.1159030497074127e-01
   5.6637856177985668e-03   2.7412544004619122e-03  -2.1453200280666351e-01
   4.1673299856483936e-03   2.1240925416350365e-03  -2.0531310141086578e-01
   3.4707623999565840e-03   1.9740948919206858e-03  -1.9983629882335663e-01
   4.3962541967630386e-03   3.0223338399082422e-03  -2.1565900743007660e-01
   4.5364731922745705e-03   3.2014076132327318e-03  -1.9702735543251038e-01
   5.0125704146921635e-03   3.4648301079869270e-03  -2.0913083851337433e-01
   5.9813526459038258e-03   3.8708422798663378e-03  -2.1280242502689362e-01
   7.7535486780107021e-03   3.3297697082161903e-03  -2.2049340605735779e-01
   1.0179311037063599e-02   2.8443450573831797e-03  -2.3656569421291351e-01
   1.3387781567871571e-02   2.9863787349313498e-03  -2.5884634256362915e-01
   1.6979968175292015e-02   2.0060474053025246e-03  -2.8496986627578735e-01
   1.7877010628581047e-02   1.4090547338128090e-03  -3.0703234672546387e-01
   1.6963936388492584e-02   2.0031989552080631e-03  -3.0592626333236694e-01
   1.5218586660921574e-02   1.8951083766296506e-03  -2.8246513009071350e-01
   1.3258314691483974e-02   1.1590907815843821e-03  -2.5005388259887695e-01
   1.1936829425394535e-02   2.1411830093711615e-03  -2.1746379137039185e-01
   1.0094881989061832e-02   2.8346818871796131e-03  -1.9583517313003540e-01
   8.8312262669205666e-03   2.1125411149114370e-03  -1.8903429806232452e-01
   8.5371676832437515e-03   1.8182005733251572e-03  -1.9134497642517090e-01
   8.8460799306631088e-03   8.8063918519765139e-04  -1.9918181002140045e-01
   9.5915887504816055e-03   1.7337471945211291e-04  -2.0806004106998444e-01
   1.0071374475955963e-02   4.6031700912863016e-04  -2.2013480961322784e-01
   1.1083022691309452e-02   3.4395555849187076e-04  -2.3236249387264252e-01
   9.8982993513345718e-03  -1.2121237814426422e-03  -2.2748926281929016e-01
   7.5092925690114498e-03  -1.9306888571009040e-03  -2.1046723425388336e-01
   7.0231221616268158e-03  -7.9794850898906589e-04  -2.0686642825603485e-01
   7.1638929657638073e-03  -9.4160251319408417e-04  -2.1760030090808868e-01
   7.3344092816114426e-03  -1.4848639257252216e-03  -2.3058356344699860e-01
   8.8335182517766953e-03  -1.5403027646243572e-03  -2.4115538597106934e-01
   1.0843430645763874e-02  -1.8007701728492975e-03  -2.4458298087120056e-01
   1.0303471237421036e-02  -1.8408558098599315e-03  -2.4360406398773193e-01
   9.8811192438006401e-03  -2.0039686933159828e-03  -2.3798039555549622e-01
   9.7093340009450912e-03  -1.7043134430423379e-03  -2.3021408915519714e-01
   1.0044489055871964e-02  -8.7756622815504670e-04  -2.2581571340560913e-01
   9.4565823674201965e-03  -7.8581809066236019e-04  -2.2423474490642548e-01
   7.1987034752964973e-03  -1.2796666705980897e-03  -2.1468970179557800e-01
   4.7938670031726360e-03  -1.2164367362856865e-03  -1.9407428801059723e-01
   3.2616374082863331e-03  -2.2867331281304359e-03  -1.7056934535503387e-01
   3.7651604507118464e-03  -3.7938146851956844e-03  -1.5539637207984924e-01
   4.3562799692153931e-03  -4.5809494331479073e-03  -1.5673702955245972e-01
   4.6604182571172714e-03  -5.4190619848668575e-03  -1.6521112620830536e-01
   3.8710122462362051e-03  -6.7492006346583366e-03  -1.7340536415576935e-01
   3.7846923805773258e-03  -8.0387024208903313e-03  -1.8243384361267090e-01
   5.4134344682097435e-03  -8.7587963789701462e-03  -1.9356206059455872e-01
   7.2076017968356609e-03  -9.4722416251897812e-03  -2.0742936432361603e-01
   8.5159195587038994e-03  -9.8253600299358368e-03  -2.1943651139736176e-01
   8.9550279080867767e-03  -1.0614406317472458e-02  -2.3472039401531219e-01
   9.6211060881614685e-03  -1.0523016564548016e-02  -2.5726839900016785e-01
   1.0867296718060970e-02  -9.4563728198409081e-03  -2.7599570155143738e-01
   1.2302407994866371e-02  -8.9884297922253609e-03  -2.8548389673233032e-01
   1.3047108426690102e-02  -8.8037587702274323e-03  -2.8980833292007446e-01
   1.3368582352995872e-02  -8.4613598883152008e-03  -2.8808376193046570e-01
   1.3285198248922825e-02  -9.2477370053529739e-03  -2.7620369195938110e-01
   1.2174097821116447e-02  -9.9588865414261818e-03  -2.5472763180732727e-01
   9.9259046837687492e-03  -8.9012579992413521e-03  -2.3087431490421295e-01
   7.8411595895886421e-03  -8.2456944510340691e-03  -2.1495321393013000e-01
   6.3034258782863617e-03  -8.2987090572714806e-03  -2.0397868752479553e-01
   5.7993629015982151e-03  -9.3996040523052216e-03  -1.9147324562072754e-01
   5.0860522314906120e-03  -9.4820307567715645e-03  -1.8403364717960358e-01
   4.5255525037646294e-03  -8.2050906494259834e-03  -1.8138521909713745e-01
   4.2659551836550236e-03  -6.7851911298930645e-03  -1.7906056344509125e-01
   3.0344603583216667e-03  -5.1492438651621342e-03  -1.7693208158016205e-01
   2.7237429749220610e-03  -4.3089617975056171e-03  -1.7783617973327637e-01
   3.4834553953260183e-03  -4.1757347062230110e-03  -1.8588833510875702e-01
   4.0464377962052822e-03  -4.3499236926436424e-03  -2.0065662264823914e-01
   4.5126597397029400e-03  -3.6415883805602789e-03  -2.1563908457756042e-01
   4.2052087374031544e-03  -2.5833100080490112e-03  -2.2178770601749420e-01
   3.3616796135902405e-03  -1.2611104175448418e-03  -2.1829368174076080e-01
   2.7750448789447546e-03   3.3705474925227463e-04  -2.1072466671466827e-01
   2.5480559561401606e-03   8.4610545309260488e-04  -2.0216199755668640e-01
   2.4441767018288374e-03   6.9018069189041853e-04  -1.9116038084030151e-01
   2.0889618899673223e-03   1.2924196198582649e-03  -1.8459913134574890e-01
   1.5685904072597623e-03   2.0055265631526709e-03  -1.8034157156944275e-01
   1.0783374309539795e-03   1.7856685444712639e-03  -1.7833250761032104e-01
   1.0184602579101920e-03   1.8107148353010416e-03  -1.8169637024402618e-01
   9.6733373356983066e-04   1.8942080205306411e-03  -1.8408259749412537e-01
   1.4068367891013622e-03   1.1866277782246470e-03  -1.8485742807388306e-01
   2.3759740870445967e-03   9.5241650706157088e-04  -1.8799786269664764e-01
   2.7145184576511383e-03   6.9187505869194865e-04  -1.9817906618118286e-01
   3.6570797674357891e-03   2.9107002774253488e-04  -2.1142069995403290e-01
   4.9569061957299709e-03   8.0134178278967738e-04  -2.2040313482284546e-01
   4.9823718145489693e-03   2.6253567193634808e-04  -2.2211889922618866e-01
   4.6030702069401741e-03  -4.9860595026984811e-04  -2.1821226179599762e-01
   4.9533927813172340e-03   8.6984891822794452e-06  -2.1221964061260223e-01
   5.1438729278743267e-03  -1.2239271018188447e-04  -2.0557449758052826e-01
   4.5741759240627289e-03  -9.8362937569618225e-04  -2.0052440464496613e-01
   4.6533099375665188e-03  -7.4852025136351585e-04  -2.0271700620651245e-01
   5.9475111775100231e-03   2.3696977586951107e-04  -2.1392263472080231e-01
   7.3169688694179058e-03   4.5274116564542055e-04  -2.2786734998226166e-01
   8.2044843584299088e-03   2.6391746359877288e-04  -2.3494330048561096e-01
   9.2909336090087891e-03   7.2988885222002864e-04  -2.3943819105625153e-01
   9.5941172912716866e-03   1.4719809405505657e-03  -2.4474257230758667e-01
   4.7919349744915962e-03   1.2047252384945750e-03  -2.3669442534446716e-01
   3.0968578066676855e-03   4.2264768853783607e-04  -2.2243984043598175e-01
   7.3294108733534813e-03  -2.4488894268870354e-04  -2.2429391741752625e-01
   9.7704296931624413e-03  -6.6593405790627003e-04  -2.3517504334449768e-01
   1.1211518198251724e-02  -9.9360395688563585e-04  -2.4571593105792999e-01
   1.2612746097147465e-02  -1.3174352934584022e-03  -2.6093915104866028e-01
   1.4751502312719822e-02  -1.4422272797673941e-03  -2.7633813023567200e-01
   1.5761308372020721e-02  -2.3543559946119785e-03  -2.8436332941055298e-01
   1.3305351138114929e-02  -3.3321408554911613e-03  -2.7393865585327148e-01
   9.0312464162707329e-03  -2.5389443617314100e-03  -2.4396690726280212e-01
   5.5073234252631664e-03  -2.3327579256147146e-03  -2.1499663591384888e-01
   4.1586374863982201e-03  -3.8038510829210281e-03  -1.8653565645217896e-01
   3.9345575496554375e-03  -5.1345475949347019e-03  -1.5956754982471466e-01
   4.1857236064970493e-03  -6.0213445685803890e-03  -1.5113382041454315e-01
   4.4582998380064964e-03  -6.4006219618022442e-03  -1.6014081239700317e-01
   4.4479453936219215e-03  -6.3838218338787556e-03  -1.7713236808776855e-01
   5.6004738435149193e-03  -6.4969984814524651e-03  -1.9432295858860016e-01
   7.0278476923704147e-03  -6.9938166998326778e-03  -2.0806744694709778e-01
   8.4913829341530800e-03  -6.8658371455967426e-03  -2.1882902085781097e-01
   9.2339385300874710e-03  -6.4671300351619720e-03  -2.2492794692516327e-01
   8.8156750425696373e-03  -6.9036553613841534e-03  -2.2553464770317078e-01
   8.4517151117324829e-03  -7.0271780714392662e-03  -2.2102302312850952e-01
   7.8776162117719650e-03  -6.9209923967719078e-03  -2.0961560308933258e-01
   7.1522789075970650e-03  -7.6938616111874580e-03  -1.8620276451110840e-01
   5.9918267652392387e-03  -8.5240351036190987e-03  -1.5986387431621552e-01
   5.2753966301679611e-03  -8.4337778389453888e-03  -1.4477178454399109e-01
   5.2406196482479572e-03  -9.1029070317745209e-03  -1.4221636950969696e-01
   5.2326750010251999e-03  -9.9386060610413551e-03  -1.4770491421222687e-01
   5.7311397977173328e-03  -9.5862215384840965e-03  -1.5206699073314667e-01
   6.2008518725633621e-03  -9.0943314135074615e-03  -1.6159847378730774e-01
   7.6082129962742329e-03  -8.2514900714159012e-03  -1.7559359967708588e-01
   8.2619590684771538e-03  -8.4595903754234314e-03  -1.8244843184947968e-01
   8.9508900418877602e-03  -8.0348039045929909e-03  -1.8441390991210938e-01
   1.0158360935747623e-02  -6.0298326425254345e-03  -1.8176634609699249e-01
   9.8224813118577003e-03  -5.0153732299804688e-03  -1.7114986479282379e-01
   9.5874601975083351e-03  -4.4939797371625900e-03  -1.5836934745311737e-01
   9.4587877392768860e-03  -4.6039316803216934e-03  -1.5175183117389679e-01
   9.2622395604848862e-03  -5.0919014029204845e-03  -1.4637497067451477e-01
   9.7992699593305588e-03  -5.0413184799253941e-03  -1.4419332146644592e-01
   1.0597265325486660e-02  -5.0161033868789673e-03  -1.5265935659408569e-01
   1.0841741226613522e-02  -4.4373911805450916e-03  -1.6794024407863617e-01
   1.0930994525551796e-02  -4.0902202017605305e-03  -1.8326133489608765e-01
   1.1538308113813400e-02  -4.4137444347143173e-03  -1.9421629607677460e-01
   1.3344625942409039e-02  -4.0715523064136505e-03  -2.0633415877819061e-01
   1.5825940296053886e-02  -3.8073044270277023e-03  -2.2359333932399750e-01
   1.7720080912113190e-02  -3.0634065624326468e-03  -2.4026305973529816e-01
   1.9104659557342529e-02  -1.2310233432799578e-03  -2.5164127349853516e-01
   1.9802609458565712e-02   3.0529798095813021e-05  -2.5335106253623962e-01
   1.9199727103114128e-02   5.9276417596265674e-04  -2.4342890083789825e-01
   1.8097102642059326e-02   6.7018164554610848e-04  -2.2690810263156891e-01
   1.8164237961173058e-02   3.1319138361141086e-04  -2.2113636136054993e-01
   1.5707142651081085e-02   3.4379129647277296e-04  -1.9146610796451569e-01
   1.6214909031987190e-02   1.4918354572728276e-03  -2.0684540271759033e-01
   1.6703767701983452e-02   2.6307539083063602e-03  -2.2199799120426178e-01
   1.6866629943251610e-02   2.9295198619365692e-03  -2.3562920093536377e-01
   1.7233330756425858e-02   3.1609304714947939e-03  -2.5370314717292786e-01
   1.5139148570597172e-02   2.8724772855639458e-03  -2.3351795971393585e-01
   1.5773331746459007e-02   2.9318288434296846e-03  -2.4668581783771515e-01
   1.5592091716825962e-02   2.9006700497120619e-03  -2.4375091493129730e-01
   1.4610390178859234e-02   2.3990315385162830e-03  -2.3760980367660522e-01
   1.3092993758618832e-02   2.0435168407857418e-03  -2.2989544272422791e-01
   1.1491762474179268e-02   1.8402653513476253e-03  -2.2109970450401306e-01
   1.1065998114645481e-02   1.2628958793357015e-03  -2.1495205163955688e-01
   1.2172565795481205e-02   5.9945485554635525e-04  -2.1827466785907745e-01
   1.2774198316037655e-02  -5.6693836813792586e-04  -2.2205854952335358e-01
   1.2696102261543274e-02  -1.3506475370377302e-03  -2.2983457148075104e-01
   1.4682765118777752e-02  -1.6149054281413555e-03  -2.5151160359382629e-01
   1.7754921689629555e-02  -2.0161420106887817e-03  -2.7429154515266418e-01
   2.0223584026098251e-02  -1.9329476635903120e-03  -2.9210564494132996e-01
   2.1555978804826736e-02  -2.0845236722379923e-03  -3.0521866679191589e-01
   2.0269887521862984e-02  -2.8464456554502249e-03  -3.0625587701797485e-01
   1.7716351896524429e-02  -3.8251976948231459e-03  -2.9065483808517456e-01
   1.5340677462518215e-02  -4.8471088521182537e-03  -2.5794696807861328e-01
   1.3609240762889385e-02  -5.8995271101593971e-03  -2.2071579098701477e-01
   1.1678191833198071e-02  -6.9170487113296986e-03  -1.9355240464210510e-01
   9.7699211910367012e-03  -7.2021163068711758e-03  -1.7570376396179199e-01
   8.5122911259531975e-03  -7.0677152834832668e-03  -1.6553677618503571e-01
   9.1783246025443077e-03  -6.0340370982885361e-03  -1.7420358955860138e-01
   1.2707766145467758e-02  -4.8774592578411102e-03  -2.0414480566978455e-01
   1.8013279885053635e-02  -4.2316140606999397e-03  -2.4891477823257446e-01
   2.4511862546205521e-02  -3.5912836901843548e-03  -3.0056965351104736e-01
   2.9643377289175987e-02  -3.1247327569872141e-03  -3.4641972184181213e-01
   3.2157223671674728e-02  -2.8474649880081415e-03  -3.7264493107795715e-01
   3.0542416498064995e-02  -2.5280064437538385e-03  -3.7196379899978638e-01
   2.9000168666243553e-02  -2.6150029152631760e-03  -3.5202330350875854e-01
   2.9946200549602509e-02  -2.9861887451261282e-03  -3.3497279882431030e-01
   3.0802860856056213e-02  -6.9825124228373170e-04  -3.3003908395767212e-01
   3.1808916479349136e-02   1.0148322908207774e-03  -3.2748448848724365e-01
   3.0726557597517967e-02   9.7327958792448044e-04  -3.1695801019668579e-01
   2.6554225012660027e-02   3.2457162160426378e-04  -2.9412883520126343e-01
   2.1723408252000809e-02  -1.0343315079808235e-03  -2.6324361562728882e-01
   1.7134837806224823e-02  -1.5411535277962685e-03  -2.2453045845031738e-01
   1.2965204194188118e-02  -2.6484143454581499e-03  -1.8314644694328308e-01
   9.2495763674378395e-03  -4.1975132189691067e-03  -1.5402232110500336e-01
   7.7470187097787857e-03  -5.6342771276831627e-03  -1.4294539391994476e-01
   7.7674612402915955e-03  -5.0865141674876213e-03  -1.4849063754081726e-01
   8.0132065340876579e-03  -3.3302397932857275e-03  -1.6981947422027588e-01
   8.6315209046006203e-03  -2.2132792510092258e-03  -1.9473549723625183e-01
   9.3872705474495888e-03  -1.1510873446241021e-03  -2.1334365010261536e-01
   1.0253557935357094e-02  -5.5350951151922345e-04  -2.4133969843387604e-01
   1.0225770995020866e-02  -3.8863348891027272e-04  -2.2774615883827209e-01
   1.4848989434540272e-02   1.6930687706917524e-05  -2.6074540615081787e-01
   2.0643111318349838e-02   4.6156032476574183e-04  -3.0706918239593506e-01
   2.3006586357951164e-02  -1.0670135816326365e-04  -3.4162834286689758e-01
   2.0451558753848076e-02  -7.2020420338958502e-04  -3.4498763084411621e-01
   1.9000668078660965e-02  -2.0935826469212770e-03  -3.2332757115364075e-01
   1.9380338490009308e-02  -4.7430731356143951e-03  -3.0247583985328674e-01
   2.1154774352908134e-02  -6.6943704150617123e-03  -3.0035111308097839e-01
   2.2564673796296120e-02  -8.5691604763269424e-03  -3.1483516097068787e-01
   2.3265732452273369e-02  -1.0098460130393505e-02  -3.2995757460594177e-01
   2.2720424458384514e-02  -9.4839176163077354e-03  -3.1997424364089966e-01
   1.9963186234235764e-02  -8.6599588394165039e-03  -2.7938136458396912e-01
   1.5735581517219543e-02  -8.6544435471296310e-03  -2.2295962274074554e-01
   1.0529452934861183e-02  -9.0192789211869240e-03  -1.6546800732612610e-01
   6.7066135816276073e-03  -1.0622891597449780e-02  -1.1736679077148438e-01
   4.7623729333281517e-03  -1.0902737267315388e-02  -9.6780247986316681e-02
   4.7378726303577423e-03  -9.6319168806076050e-03  -1.0734224319458008e-01
   5.1937056705355644e-03  -9.1071641072630882e-03  -1.3799384236335754e-01
   7.1586151607334614e-03  -9.1546289622783661e-03  -1.7839474976062775e-01
   9.1536203399300575e-03  -8.3794649690389633e-03  -2.2266574203968048e-01
   9.7019374370574951e-03  -6.6762608475983143e-03  -2.5258508324623108e-01
   1.0062019340693951e-02  -5.4653063416481018e-03  -2.6580542325973511e-01
   1.2189492583274841e-02  -5.2651371806859970e-03  -2.7470219135284424e-01
   1.5468938276171684e-02  -6.0206810012459755e-03  -2.8596732020378113e-01
   1.7232539132237434e-02  -6.7757358774542809e-03  -2.9880768060684204e-01
   1.6729861497879028e-02  -6.5960553474724293e-03  -2.9812774062156677e-01
   1.5085238032042980e-02  -6.0933609493076801e-03  -2.8235870599746704e-01
   1.4413442462682724e-02  -6.5917307510972023e-03  -2.6417922973632813e-01
   1.4353530481457710e-02  -7.4435789138078690e-03  -2.4948687851428986e-01
   1.3593238778412342e-02  -8.1671513617038727e-03  -2.4055369198322296e-01
   1.2415813282132149e-02  -8.0052502453327179e-03  -2.3825094103813171e-01
   1.1866956949234009e-02  -6.7633530125021935e-03  -2.3757362365722656e-01
   1.1229818686842918e-02  -5.8462768793106079e-03  -2.3068872094154358e-01
   1.0383320972323418e-02  -5.9667113237082958e-03  -2.1621063351631165e-01
   9.5279430970549583e-03  -6.4757210202515125e-03  -1.9601778686046600e-01
   9.2372028157114983e-03  -6.8308454938232899e-03  -1.7908847332000732e-01
   9.6276728436350822e-03  -6.6968533210456371e-03  -1.7585486173629761e-01
   1.0711812414228916e-02  -6.9944360293447971e-03  -1.8503303825855255e-01
   1.2521816417574883e-02  -7.4699572287499905e-03  -2.0142169296741486e-01
   1.4058922417461872e-02  -7.0772003382444382e-03  -2.2092078626155853e-01
   1.5937769785523415e-02  -6.3148196786642075e-03  -2.4487981200218201e-01
   1.7957169562578201e-02  -4.7460300847887993e-03  -2.6617828011512756e-01
   1.9098093733191490e-02  -2.7195152360945940e-03  -2.7127459645271301e-01
   1.7985474318265915e-02  -1.7848790157586336e-03  -2.6407256722450256e-01
   1.6490697860717773e-02  -3.0100063886493444e-03  -2.5180956721305847e-01
   1.6892245039343834e-02  -4.9998816102743149e-03  -2.3946388065814972e-01
   1.7461363226175308e-02  -6.3909771852195263e-03  -2.2548036277294159e-01
   1.7966829240322113e-02  -5.6442664936184883e-03  -2.2100780904293060e-01
   1.8437786027789116e-02  -5.0476756878197193e-03  -2.4182578921318054e-01
   1.8254946917295456e-02  -5.5115404538810253e-03  -2.6141941547393799e-01
   1.7008574679493904e-02  -5.6264894083142281e-03  -2.5597593188285828e-01
   1.6469499096274376e-02  -6.3209254294633865e-03  -2.3298436403274536e-01
   1.6853252425789833e-02  -4.7348495572805405e-03  -2.1269412338733673e-01
   1.8152253702282906e-02  -3.8005711976438761e-03  -2.1236936748027802e-01
   1.8884841352701187e-02  -3.7568851839751005e-03  -2.3701004683971405e-01
   2.0293699577450752e-02  -2.7774698100984097e-03  -2.6854518055915833e-01
   2.1122161298990250e-02  -1.8156820442527533e-03  -2.9124033451080322e-01
   2.0921189337968826e-02   1.5826299204491079e-04  -2.9660749435424805e-01
   2.1773092448711395e-02   1.3614181661978364e-03  -2.9232761263847351e-01
   2.2222775965929031e-02   1.3255414087325335e-03  -2.9148569703102112e-01
   2.2884242236614227e-02   2.3409435525536537e-03  -2.8893581032752991e-01
   2.2075455635786057e-02   3.1140181235969067e-03  -2.9710265994071960e-01
   2.2603996098041534e-02   1.7784426454454660e-03  -3.0886834859848022e-01
   2.1995360031723976e-02  -3.6980080767534673e-04  -2.9855877161026001e-01
   1.9471717998385429e-02  -2.1265512332320213e-03  -2.6760104298591614e-01
   1.7389712855219841e-02  -3.0359113588929176e-03  -2.2698564827442169e-01
   1.5486368909478188e-02  -3.0374436173588037e-03  -1.8502613902091980e-01
   1.4411020092666149e-02  -3.6388102453202009e-03  -1.7280061542987823e-01
   1.4700870960950851e-02  -4.6304147690534592e-03  -1.9920261204242706e-01
   1.4508634805679321e-02  -6.4090127125382423e-03  -2.3457956314086914e-01
   1.3737440109252930e-02  -7.3008774779736996e-03  -2.5766548514366150e-01
   1.3517341576516628e-02  -5.8081471361219883e-03  -2.7096349000930786e-01
   1.2841340154409409e-02  -5.7081677950918674e-03  -2.9225486516952515e-01
   1.0160963051021099e-02  -4.3990914709866047e-03  -2.6707684993743896e-01
   9.8430700600147247e-03  -3.1372155062854290e-03  -2.8051382303237915e-01
   9.7742360085248947e-03  -3.3193081617355347e-03  -2.7587056159973145e-01
   9.9136214703321457e-03  -2.6413484010845423e-03  -2.6911589503288269e-01
   1.0133916512131691e-02  -1.3113793684169650e-03  -2.5934150815010071e-01
   9.2180538922548294e-03   3.3826407161541283e-04  -2.5441998243331909e-01
   8.6508058011531830e-03   1.2486437335610390e-03  -2.5794112682342529e-01
   9.3133160844445229e-03   6.9333642022684216e-04  -2.6348146796226501e-01
   9.4393622130155563e-03   1.2639452470466495e-03  -2.6492649316787720e-01
   9.1208368539810181e-03   2.2142531815916300e-03  -2.6169297099113464e-01
   7.0742913521826267e-03   3.2733636908233166e-03  -2.5813674926757813e-01
   4.0189912542700768e-03   3.7929753307253122e-03  -2.4435299634933472e-01
   1.0115440236404538e-03   4.3166773393750191e-03  -2.2149287164211273e-01
  -1.0009565157815814e-03   4.3869703076779842e-03  -2.0362067222595215e-01
  -2.0516123622655869e-03   4.3065329082310200e-03  -1.9132867455482483e-01
  -3.0142308678478003e-03   4.5946124009788036e-03  -1.8489955365657806e-01
  -3.7555557209998369e-03   3.8387901149690151e-03  -1.8016390502452850e-01
  -4.0921410545706749e-03   3.3376654610037804e-03  -1.7179512977600098e-01
  -4.1076075285673141e-03   2.4257265031337738e-03  -1.6306707262992859e-01
  -4.1559454984962940e-03   1.2233176967129111e-03  -1.5886829793453217e-01
  -4.7790934331715107e-03   9.1059933765791357e-05  -1.6327928006649017e-01
  -4.3457099236547947e-03  -9.4274972798302770e-04  -1.7875082790851593e-01
  -2.1372253540903330e-03  -1.2287247227504849e-03  -2.0194134116172791e-01
  -9.7420456586405635e-04  -1.9867080263793468e-03  -2.2054578363895416e-01
  -1.1006137356162071e-03  -2.5402384344488382e-03  -2.2413547337055206e-01
  -9.9239451810717583e-04  -2.4185606744140387e-03  -2.1731986105442047e-01
  -6.8915123119950294e-04  -3.6142335738986731e-03  -2.0828811824321747e-01
  -7.2510738391429186e-04  -6.1522321775555611e-03  -2.0102414488792419e-01
  -1.4234177069738507e-04  -7.1832523681223392e-03  -1.9629588723182678e-01
   7.8557647066190839e-04  -7.0270858705043793e-03  -1.9462080299854279e-01
   1.9778129644691944e-03  -7.3065641336143017e-03  -1.8981914222240448e-01
   2.9339974280446768e-03  -7.8249294310808182e-03  -1.8323101103305817e-01
   3.5730460658669472e-03  -8.6196595802903175e-03  -1.8207754194736481e-01
   3.9636315777897835e-03  -9.0965507552027702e-03  -1.8534488976001740e-01
   4.4166026636958122e-03  -8.8509852066636086e-03  -1.8995724618434906e-01
   4.9530421383678913e-03  -9.1035515069961548e-03  -1.9114187359809875e-01
   5.5252132005989552e-03  -9.6949618309736252e-03  -1.8959191441535950e-01
   6.5432237461209297e-03  -1.0462329722940922e-02  -1.9200193881988525e-01
   8.3838291466236115e-03  -1.0834230110049248e-02  -2.0101024210453033e-01
   1.0013636201620102e-02  -1.0505855083465576e-02  -2.1549835801124573e-01
   1.1523302644491196e-02  -1.0308327153325081e-02  -2.2762006521224976e-01
   1.2374538928270340e-02  -1.0501408949494362e-02  -2.3041796684265137e-01
   1.3188591226935387e-02  -1.1289565823972225e-02  -2.2743789851665497e-01
   1.4206209219992161e-02  -1.2461448088288307e-02  -2.2243081033229828e-01
   1.4681659638881683e-02  -1.3216165825724602e-02  -2.1486900746822357e-01
   1.4968613162636757e-02  -1.3276292942464352e-02  -2.1056286990642548e-01
   1.5131752006709576e-02  -1.3295581564307213e-02  -2.1157433092594147e-01
   1.5221464447677135e-02  -1.3195088133215904e-02  -2.1018156409263611e-01
   1.4968981966376305e-02  -1.2997535988688469e-02  -2.0559749007225037e-01
   1.4865843579173088e-02  -1.2812070548534393e-02  -1.9736807048320770e-01
   1.4844500459730625e-02  -1.2816446833312511e-02  -1.8779237568378448e-01
   1.4961967244744301e-02  -1.2961006723344326e-02  -1.8428225815296173e-01
   1.4608332887291908e-02  -1.2948953546583652e-02  -1.8919989466667175e-01
   1.4108546078205109e-02  -1.3694043271243572e-02  -1.9537122547626495e-01
   1.4337107539176941e-02  -1.3126716949045658e-02  -2.0171852409839630e-01
   1.4713652431964874e-02  -1.1036164127290249e-02  -2.0621825754642487e-01
   1.4985583722591400e-02  -1.0091583244502544e-02  -2.0710676908493042e-01
   1.4999694190919399e-02  -9.6775814890861511e-03  -2.0893132686614990e-01
   1.4876534231007099e-02  -9.0933116152882576e-03  -2.1519061923027039e-01
   1.4918720349669456e-02  -8.0116670578718185e-03  -2.2251579165458679e-01
   1.5228035859763622e-02  -7.0397583767771721e-03  -2.2330176830291748e-01
   1.5896053984761238e-02  -7.0533431135118008e-03  -2.1803276240825653e-01
   1.7811190336942673e-02  -7.2129457257688046e-03  -2.1781727671623230e-01
   2.0386347547173500e-02  -6.8019959144294262e-03  -2.3206029832363129e-01
   2.2047091275453568e-02  -5.4836361669003963e-03  -2.5399249792098999e-01
   2.2718563675880432e-02  -3.8138309027999640e-03  -2.7240094542503357e-01
   2.2169396281242371e-02  -2.5357364211231470e-03  -2.7571716904640198e-01
   2.0993253216147423e-02  -1.5335171483457088e-03  -2.6207396388053894e-01
   1.9975647330284119e-02  -1.5440863789990544e-03  -2.4140632152557373e-01
   1.9139170646667480e-02  -2.3202546872198582e-03  -2.1653319895267487e-01
   1.7734093591570854e-02  -2.6253371033817530e-03  -1.9208085536956787e-01
   1.6710251569747925e-02  -2.1783953998237848e-03  -1.7599949240684509e-01
   1.6978947445750237e-02  -1.4071766054257751e-03  -1.6969074308872223e-01
   1.8543686717748642e-02  -1.0142226237803698e-03  -1.7513288557529449e-01
   2.1264947950839996e-02  -5.8193772565573454e-04  -1.9206897914409637e-01
   2.4329079315066338e-02   1.7305488290730864e-04  -2.2251571714878082e-01
   2.7391644194722176e-02   1.3170362217351794e-03  -2.6073721051216125e-01
   2.9617656022310257e-02   1.8436486134305596e-03  -2.9050222039222717e-01
   3.0086994171142578e-02   1.8111144891008735e-03  -3.0540254712104797e-01
   3.0485942959785461e-02   2.4272480513900518e-03  -3.0852219462394714e-01
   2.9807224869728088e-02   2.2913205903023481e-03  -2.9736876487731934e-01
   2.8267154470086098e-02   1.9088007975369692e-03  -2.7444088459014893e-01
   2.7949258685112000e-02   2.0590289495885372e-03  -2.5158283114433289e-01
   2.7750289067625999e-02   1.1193947866559029e-03  -2.3978401720523834e-01
   2.7950368821620941e-02  -3.5910264705307782e-04  -2.4138493835926056e-01
   2.7277722954750061e-02  -1.4747488312423229e-03  -2.4690137803554535e-01
   2.7333647012710571e-02  -2.9405537061393261e-03  -2.4528218805789948e-01
   2.4998350068926811e-02  -3.9907465688884258e-03  -2.2818069159984589e-01
   2.0801024511456490e-02  -3.7276765797287226e-03  -1.9631256163120270e-01
   1.8968595191836357e-02  -3.0943492893129587e-03  -1.6944576799869537e-01
   1.9322721287608147e-02  -3.2099317759275436e-03  -1.5780495107173920e-01
   2.0437356084585190e-02  -4.5722872018814087e-03  -1.6459879279136658e-01
   2.1770125254988670e-02  -6.5980134531855583e-03  -1.9116842746734619e-01
   2.4288436397910118e-02  -6.9259968586266041e-03  -2.3063060641288757e-01
   2.6178760454058647e-02  -6.5147392451763153e-03  -2.6872301101684570e-01
   2.7817960828542709e-02  -6.3006677664816380e-03  -2.9289272427558899e-01
   2.9268004000186920e-02  -5.6953765451908112e-03  -3.0383032560348511e-01
   3.0536448583006859e-02  -5.2705830894410610e-03  -3.0139523744583130e-01
   3.1322617083787918e-02  -4.6385405585169792e-03  -2.9511797428131104e-01
   3.2726608216762543e-02  -4.4138161465525627e-03  -2.9287934303283691e-01
   3.4527942538261414e-02  -4.8694736324250698e-03  -2.9534438252449036e-01
   3.6607649177312851e-02  -5.2907024510204792e-03  -3.0100595951080322e-01
   3.7616487592458725e-02  -5.5355909280478954e-03  -3.0447587370872498e-01
   3.6489345133304596e-02  -5.3926361724734306e-03  -3.0042219161987305e-01
   3.4863069653511047e-02  -5.1552695222198963e-03  -2.8576359152793884e-01
   3.2516807317733765e-02  -5.0837961025536060e-03  -2.6459997892379761e-01
   3.0490864068269730e-02  -5.1259729079902172e-03  -2.4366356432437897e-01
   2.8492197394371033e-02  -5.5041797459125519e-03  -2.2504104673862457e-01
   2.6471002027392387e-02  -6.0751507990062237e-03  -2.0951294898986816e-01
   2.4900354444980621e-02  -6.7967348732054234e-03  -1.9987280666828156e-01
   2.4029763415455818e-02  -7.3342951945960522e-03  -1.9832684099674225e-01
   2.3703681305050850e-02  -7.2744716890156269e-03  -2.0365197956562042e-01
   2.3877575993537903e-02  -7.1915071457624435e-03  -2.1521601080894470e-01
   2.4582343176007271e-02  -6.8677207455039024e-03  -2.3168294131755829e-01
   2.5045553222298622e-02  -6.4085577614605427e-03  -2.5142231583595276e-01
   2.5081170722842216e-02  -6.0390713624656200e-03  -2.7001482248306274e-01
   2.4617251008749008e-02  -5.4417890496551991e-03  -2.7985197305679321e-01
   2.3385066539049149e-02  -4.8413393087685108e-03  -2.8020900487899780e-01
   2.1418524906039238e-02  -4.5186686329543591e-03  -2.7079328894615173e-01
   1.9510976970195770e-02  -4.3300003744661808e-03  -2.5381630659103394e-01
   1.7953902482986450e-02  -3.9470107294619083e-03  -2.3898684978485107e-01
   1.7464898526668549e-02  -3.3708186820149422e-03  -2.3764266073703766e-01
   1.7446292564272881e-02  -2.7068522758781910e-03  -2.4637997150421143e-01
   1.7055135220289230e-02  -2.0651449449360371e-03  -2.5617778301239014e-01
   1.6597313806414604e-02  -1.7964025028049946e-03  -2.6450094580650330e-01
   1.7191311344504356e-02  -2.0279653836041689e-03  -2.6930028200149536e-01
   1.9366545602679253e-02  -1.8888718914240599e-03  -2.7891278266906738e-01
   2.2734740749001503e-02  -1.4692334225401282e-03  -3.0013239383697510e-01
   2.6339363306760788e-02  -3.9284408558160067e-04  -3.2795202732086182e-01
   2.9614651575684547e-02   1.0687626199796796e-03  -3.5454365611076355e-01
   3.1839009374380112e-02   1.4799166237935424e-03  -3.6972698569297791e-01
   3.3405717462301254e-02   1.6953882295638323e-03  -3.7090483307838440e-01
   3.3696826547384262e-02   2.3606929462403059e-03  -3.6019062995910645e-01
   3.3585079014301300e-02   2.4312436580657959e-03  -3.4235104918479919e-01
   3.2446596771478653e-02   2.1257416810840368e-03  -3.2372316718101501e-01
   2.9637325555086136e-02   2.4355761706829071e-03  -3.0253213644027710e-01
   2.7520293369889259e-02   3.6804170813411474e-03  -2.8296697139739990e-01
   2.7380011975765228e-02   6.1216754838824272e-03  -2.7821439504623413e-01
   2.9069339856505394e-02   7.9198768362402916e-03  -2.8208780288696289e-01
   2.9752248898148537e-02   7.4950400739908218e-03  -2.9020807147026062e-01
   2.9949629679322243e-02   6.7373928613960743e-03  -3.0092757940292358e-01
   3.0291890725493431e-02   5.5445623584091663e-03  -3.1314197182655334e-01
   3.2966740429401398e-02   3.8672345690429211e-03  -3.3036151528358459e-01
   3.6594484001398087e-02   2.2323979064822197e-03  -3.4725788235664368e-01
   3.9488993585109711e-02   1.4360807836055756e-03  -3.5848918557167053e-01
   4.2181394994258881e-02   2.4715815670788288e-03  -3.6797776818275452e-01
   4.3539468199014664e-02   2.7473103255033493e-03  -3.8069641590118408e-01
   4.2014248669147491e-02   9.5911283278837800e-04  -3.7921974062919617e-01
   3.9190910756587982e-02  -2.4704223033040762e-03  -3.5618764162063599e-01
   3.8381393998861313e-02  -4.2293863371014595e-03  -3.3246496319770813e-01
   3.7638384848833084e-02  -4.2076176032423973e-03  -3.2122707366943359e-01
   3.5598173737525940e-02  -4.5587643980979919e-03  -3.1437033414840698e-01
   3.3403929322957993e-02  -4.3346788734197617e-03  -3.0324593186378479e-01
   3.0710702762007713e-02  -4.9736266955733299e-03  -2.8652191162109375e-01
   2.7787702158093452e-02  -5.9374226257205009e-03  -2.6862767338752747e-01
   2.5697346776723862e-02  -5.7773645967245102e-03  -2.5303202867507935e-01
   2.4068759754300117e-02  -4.5677493326365948e-03  -2.4127577245235443e-01
   2.2109521552920341e-02  -3.3297685440629721e-03  -2.3512609302997589e-01
   1.9954252988100052e-02  -3.8080469239503145e-03  -2.3178760707378387e-01
   1.8628472462296486e-02  -5.2591892890632153e-03  -2.2371412813663483e-01
   1.8762864172458649e-02  -6.8442472256720066e-03  -2.1130745112895966e-01
   1.9697332754731178e-02  -8.8389618322253227e-03  -2.0301312208175659e-01
   2.0475544035434723e-02  -1.0550491511821747e-02  -2.0328946411609650e-01
   2.0869331434369087e-02  -1.1385977268218994e-02  -2.1003599464893341e-01
   2.0064732059836388e-02  -1.1644128710031509e-02  -2.1771454811096191e-01
   1.9351510331034660e-02  -1.1454795487225056e-02  -2.2148838639259338e-01
   1.9811801612377167e-02  -1.1655913665890694e-02  -2.2119751572608948e-01
   2.1093536168336868e-02  -1.2790099717676640e-02  -2.2572852671146393e-01
   2.1988242864608765e-02  -1.3687972910702229e-02  -2.3665197193622589e-01
   2.2192144766449928e-02  -1.3558717444539070e-02  -2.4147048592567444e-01
   2.2116724401712418e-02  -1.3462070375680923e-02  -2.3608283698558807e-01
   2.2463414818048477e-02  -1.3810783624649048e-02  -2.1989822387695313e-01
   2.3321760818362236e-02  -1.4195028692483902e-02  -1.9888693094253540e-01
   2.3979730904102325e-02  -1.4664280228316784e-02  -1.8479612469673157e-01
   2.4159422144293785e-02  -1.5298464335501194e-02  -1.8243946135044098e-01
   2.4276908487081528e-02  -1.5225281938910484e-02  -1.9010660052299500e-01
   2.4421559646725655e-02  -1.3903088867664337e-02  -2.0066973567008972e-01
   2.4750456213951111e-02  -1.2621574103832245e-02  -2.0869198441505432e-01
   2.5817649438977242e-02  -1.1037334799766541e-02  -2.1383106708526611e-01
   2.6733530685305595e-02  -9.5868026837706566e-03  -2.1932569146156311e-01
   2.7334878221154213e-02  -9.3196574598550797e-03  -2.2136904299259186e-01
   2.7970407158136368e-02  -7.6621989719569683e-03  -2.2817727923393250e-01
   3.0154788866639137e-02  -4.7902376390993595e-03  -2.5465500354766846e-01
   2.7139265090227127e-02  -1.8841528799384832e-03  -2.4269413948059082e-01
   2.8686232864856720e-02   1.4526715967804193e-03  -2.6549229025840759e-01
   3.0415423214435577e-02   4.1146846488118172e-03  -2.8131166100502014e-01
   3.1688984483480453e-02   4.7540673986077309e-03  -3.0177894234657288e-01
   3.1540483236312866e-02   4.9851299263536930e-03  -3.1509402394294739e-01
   3.1071234494447708e-02   5.3484579548239708e-03  -3.1854957342147827e-01
   3.1057780608534813e-02   5.5096913129091263e-03  -3.1371697783470154e-01
   2.9807999730110168e-02   5.3648836910724640e-03  -2.9966816306114197e-01
   2.7615213766694069e-02   4.9824416637420654e-03  -2.7793595194816589e-01
   2.5615751743316650e-02   4.5760450884699821e-03  -2.6116004586219788e-01
   2.5511018931865692e-02   4.4227847829461098e-03  -2.5570818781852722e-01
   2.6262266561388969e-02   4.4174119830131531e-03  -2.5948029756546021e-01
   2.7602450922131538e-02   4.4520231895148754e-03  -2.6907491683959961e-01
   2.9662609100341797e-02   4.6099573373794556e-03  -2.8327077627182007e-01
   3.1569309532642365e-02   4.5951544307172298e-03  -2.9692339897155762e-01
   3.3080410212278366e-02   4.2988671921193600e-03  -3.0671101808547974e-01
   3.4345589578151703e-02   3.8746499922126532e-03  -3.1377464532852173e-01
   3.5761583596467972e-02   3.1496987212449312e-03  -3.1555745005607605e-01
   3.5880766808986664e-02   2.4184708017855883e-03  -3.1500667333602905e-01
   3.4989457577466965e-02   2.0212819799780846e-03  -3.1331175565719604e-01
   3.3603642135858536e-02   1.7271208344027400e-03  -3.0974265933036804e-01
   3.2372351735830307e-02   8.5181108443066478e-04  -3.0520334839820862e-01
   3.1227204948663712e-02  -5.1841506501659751e-04  -2.9624986648559570e-01
   3.0564842745661736e-02  -1.6935692401602864e-03  -2.8720855712890625e-01
   2.9441785067319870e-02  -2.5822694879025221e-03  -2.8179383277893066e-01
   2.7086762711405754e-02  -3.3498788252472878e-03  -2.7752268314361572e-01
